MOEntity;Data Service Drop Rate;User Downlink average Throughput;PRB;S1 Setup Success Rate(number);Agglevel
BOY0036_151;0.04;2835.72;95.55;100;2.265573138
BUC0053_152;0.2;22888.73;34.35;100;2.388416019
CUC0005_201;0.03;29550.83;47.24;100;2.098370963
CUC0073_153;0;27445.41;43.63;100;2.315899731
CUC0074_201;0;17377.62;18.92;100;2.094929867
SAT0175_202;0;62083.37;25.52;100;2.076909659
TSAT_MLU_560072_103;0;51281.9;12.6;100;1.830725917
TUN0003_151;0;26320.19;30.77;100;2.403612794
NST0016_203;0;53450.12;36.36;100;2.034776575
BOY7016_181;0.08;36196.75;3.63;100;2.662855915
CUC0055_202;0.02;25119;39.83;100;1.942950306
CUC0062_203;0;40422.48;78.71;100;2.014003284
CUC0062_153;0;31755.1;31.75;100;2.019570125
NST0035_152;0;21345.49;27.66;100;2.025590038
SAT0058_152;0.08;5121.74;82.92;99.99;2.659805244
SAT0085_152;0.04;49815.72;18.49;100;2.203245116
SAT0111_153;0.04;20069.66;57.78;100;2.403519123
NST0060_151;0.05;4195.05;9.21;100;1.590408086
SAT0118_152;0.02;5110.3;89.22;100;2.594228688
SAT0168_152;0.27;12383.97;41.39;99.57;2.478624979
SAT7040_182;0.11;12718.6;8.91;100;2.773836789
TSAT_MLU_560262_101;0.05;19552.8;18.5;100;2.219609846
BOY0007_153;0;11415.32;39.69;100;2.40155523
BOY0035_152;0.12;12249.22;51.89;100;2.602273817
BOY0093_152;0;34336.95;3.45;100;2.111921277
BOY7032_181;0.53;16918.54;5.14;100;2.123106825
BUC0134_151;0.07;6757.75;16.03;100;3.083481572
BUC0205_151;0.11;8600.07;70.3;100;2.926779085
CES0020_153;0.13;10284.24;20.89;100;2.926326213
CUC0028_201;0.02;26850.55;45.97;100;2.276795066
CUC0028_202;0;27165.18;17.3;100;2.196105619
NST0008_153;0.55;4432.81;4.99;100;2.368425324
NST0027_151;0.21;51636.2;2.84;100;2.24966219
NST0056_153;0.21;42036.05;3.97;100;2.153873892
NST0091_151;0.46;27598.95;3.98;100;2.173120525
SAT0006_151;0.69;28075.97;8.35;100;2.434494209
SAT7035_181;0.34;5904.07;14;100;3.092064686
TBOY_MLB_510120_102;0.02;26611.38;45.37;100;2.322894901
TBOY_MLB_510164_101;0.02;23369.03;36.26;100;2.484831473
TBOY_MLE_520015_102;0;25628.48;11.11;100;1.688130241
TUN0020_152;0.73;15378.83;49.05;100;2.396639051
TUN0020_153;0.03;8765.59;91.07;100;2.475164555
BOY0012_151;0.09;11646.91;68.91;100;2.612291296
BOY0051_151;0.07;7370.51;74.55;100;2.343044977
BOY0061_152;0.01;24191.4;39.37;100;2.613727085
BUC0028_151;0.3;11366.59;98.33;100;2.607073497
BUC0088_153;0.04;14090.01;43.88;100;2.619471216
BUC0089_152;0.04;12715.31;39.05;100;2.700471721
BUC0138_153;0;7674.12;29.66;100;2.057613273
BUC0145_202;0;11178.98;29.62;100;2.446940239
BUC0149_202;0.01;7691.64;74.13;100;2.211770723
BUC0149_203;0.01;7443.79;80.44;100;2.309192931
BUC0185_203;0;6287.93;76.13;100;2.208261765
BUC0190_151;0.05;13517.23;54.11;100;2.346388503
BUC0192_201;0.02;18389.24;71.1;100;2.150727901
BUC0204_153;0.1;14009.5;55;100;2.427739973
CUC0011_201;0.03;10326.42;59.72;100;2.458049925
CUC0015_203;0.01;17714.88;68.19;100;2.221511503
CUC0043_153;0.07;8882.6;77.55;100;2.899763615
CUC0049_152;0.02;28492.37;23.03;100;2.705816711
CUC0063_203;0.01;8662.11;72.82;100;2.202733519
CUC0070_153;0.03;9394.08;43.76;100;2.657083336
CUC0078_153;0.07;15524.13;34.89;99.97;2.523714149
CUN0112_153;0.04;7088.32;76.18;100;2.460337303
NST0039_151;0.07;11858.56;30.65;100;2.445439486
NST0091_152;0;18119.44;3.73;100;2.468429114
SAT0002_202;0.05;1593.86;96.24;99.99;2.843194405
SAT0017_153;1.59;39572.09;1.4;100;2.207030005
SAT0050_152;0.04;17448.12;13.53;100;2.662649451
SAT0065_151;0.29;17101.28;53.21;100;2.17394729
SAT0109_153;0.04;18943.22;54.53;100;2.173259332
SAT0167_151;0.05;7653.26;84.56;100;2.685470656
SAT7040_181;0.16;13637.61;10;100;2.458162552
TTUN_MLB_510246_102;0.01;7820.58;74.33;100;2.941750064
TUN0004_152;0.02;9576.86;56.8;100;2.480903874
TUN0011_202;0.01;12256.99;53.65;100;2.162281676
BOY0012_153;0.03;14371.03;50.39;100;2.662413383
BUC0001_153;0.03;14344.92;48.57;100;2.627729519
BUC0006_203;0.03;6641.94;68.74;100;2.356335258
BUC0027_201;0.01;17409.21;41.14;100;2.145737488
BUC0093_202;0;12764.81;67.01;100;2.197302821
BUC0104_152;0.02;8892.41;43.58;100;2.674844252
BUC0190_203;0.02;9834.07;61.95;100;2.273710763
CES0024_153;0.03;60692.6;23.07;100;2.107791653
CUC0012_202;0.03;11305.06;71.09;100;2.251034822
CUC0073_152;0.02;5919.57;85.94;100;2.422504509
CUC0075_151;0.04;18109.79;63.34;100;2.343366867
NST0040_151;0;12487.92;9.06;100;2.131581645
NST0058_153;0.05;13639.4;75.95;100;2.316019332
SAT0005_153;0;31489.52;13.24;100;2.343141373
SAT0040_152;0.11;20761.08;10.4;100;2.215020106
SAT0044_152;0.02;5289.41;86.82;100;2.494370893
SAT0055_153;0.22;1230.46;98.72;99.95;2.537104268
SAT0143_152;0.03;11434.56;58.54;100;2.431890488
SAT0162_151;0.05;4950.2;89.73;100;2.704459232
SAT7035_183;0.58;4685.74;5.62;100;3.081327118
SAT7042_182;0;6875.2;0.82;90.91;3.696581197
TBOY_MLB_510452_101;0.01;24203.7;47.06;100;2.401444928
TBOY_MLE_520604_103;0.04;34685.8;16.3;100;2.266724021
TTUN_MLB_510241_101;0.02;18829.11;13.52;100;2.676765548
TTUN_MLB_510612_103;0.02;6741.99;77.67;100;3.193830689
TUN0009_151;0;11529.48;46.12;100;2.704296587
ARA0001_201;0.09;5236.09;68.46;100;2.280904881
ARA0003_201;0;15137.95;50.53;100;2.127818831
BOY0017_201;0.15;18498.51;26.32;99.93;2.219298671
BOY0045_153;0.04;23467.92;54.83;100;2.365154627
BOY7005_183;0;43879.59;3.02;100;2.331319526
BUC0075_201;0.01;22760.82;44.68;100;2.363452209
BUC0076_203;0;6885.53;80.66;100;2.275550536
BUC0078_151;0.05;7954.38;55.8;100;2.282914919
BUC0110_151;0.02;15112.84;31.11;100;2.574819042
BUC0124_201;0.02;11214.35;53.56;100;2.120464166
CES0019_153;0.07;23892.35;14.78;100;2.222527118
CUC0001_152;0;17918.85;28.32;100;2.701658181
CUC0024_152;0.01;8660.41;74.69;100;2.416270161
CUC0042_202;0.01;6834.18;78.96;100;2.235485055
CUC0050_201;0.01;21079.8;40.85;100;2.182939993
CUC0055_203;0.12;3996.4;83.02;99.98;2.444660512
CUC0078_152;0.07;6599.53;70.13;100;2.862220881
CUC0087_203;0.1;759.64;96.88;100;2.298886847
NST0027_153;0.04;21475.72;6.21;100;2.24847336
NST0030_201;0.09;3049.49;98.86;100;2.331903122
NST7020_182;0.25;8554.67;14.73;100;2.88950977
SAT0002_153;0.07;2375.12;95.43;100;2.918434739
SAT0008_151;0.02;9059.32;74.36;100;2.575416644
SAT0021_151;0.31;2835.27;82.49;99.95;2.602907335
SAT0021_152;0.17;2396.03;85.79;99.85;2.305178419
SAT0042_201;0.01;8802.56;62.3;99.86;2.087967412
SAT0137_153;0.06;32527.83;31.29;100;2.349131885
SAT0144_203;0.01;17764.29;41.29;100;2.263702278
TSAT_MLU_560262_102;0;48289.83;14.49;100;1.841466628
TSAT_MLU_560386_102;0.01;12325.94;59.25;99.99;2.068395723
ANT1072_152;0.27;12891.72;40.65;100;2.592815769
ANT1072_202;0.01;18436.35;43.24;100;2.091625743
ARA0005_152;0.05;10990.54;56.97;100;2.241890535
ARA0017_153;0.34;4861.05;78.46;99.96;2.642639076
BOY0015_203;0.04;47435.09;25.52;100;2.202532607
BOY0037_151;0.07;27855.77;50.3;100;2.089273322
BOY0062_152;0.02;21908.41;52.09;100;2.26377464
BOY0108_153;0.02;18477.06;51.44;99.99;2.226079506
BUC0004_153;0.05;17895.56;30.73;100;2.249386225
BUC0011_152;0.12;6296.92;87.31;100;2.417014103
BUC0018_153;0.03;10730.53;59.87;100;2.58717031
BUC0034_203;0.01;4042.31;94.05;100;2.332980679
BUC0051_151;0.01;5116.63;84.92;100;2.745896653
BUC0062_152;0.13;9488.55;50.7;100;3.250635259
BUC0076_202;0.02;4477.22;79.03;100;2.326161616
BUC0088_152;0.07;7362.86;77.05;100;2.642128007
BUC0093_201;0.01;6989.07;76.64;100;2.164712237
BUC0114_202;0.04;14782.56;66.72;100;2.138890254
CES0019_152;0.13;5395.81;72.71;100;2.46657245
CES0038_154;0.02;2443.94;92.92;100;2.703799372
CES0041_152;0;17843.46;3.65;100;2.063122857
CUC0013_202;0.02;5450.03;75.16;100;2.570135074
CUC0022_152;0.02;4145.76;73.1;100;2.590552537
CUC0039_151;0.03;4754.5;92.71;100;2.262769417
CUC0077_203;0;13367.88;46.27;99.99;2.192675502
NST0010_152;0.08;9860.37;92.23;100;2.295597331
NST0036_153;0.13;9209.45;38.34;99.98;2.599533216
NST0038_201;0.05;3900.74;90.72;100;2.256838001
SAT0008_153;0.02;9332.42;76.05;100;2.388727544
SAT0008_203;0.05;7556.02;84.46;100;2.798244121
SAT0031_153;0.05;1953.76;95.28;100;2.96514749
SAT0047_203;0.02;7573.71;80.29;100;2.264925087
SAT0086_153;0.4;1726.43;95.19;100;2.843040032
SAT0088_153;0.19;25261.46;6.28;100;2.69970126
SAT0196_152;0.03;10523.67;64.8;100;2.461213888
SAT0197_151;0.03;8479.11;67.22;99.98;2.752312047
SAT0204_152;0.05;3857.54;91.88;99.99;2.588680961
SAT7035_182;0;17912.84;1.63;100;2.107965709
TBOY_MLB_510719_103;0;24783.22;24.99;100;2.521848218
TSAT_MLU_682085_102;0.02;35668.16;11.73;100;2.130157021
TUN0001_152;0.03;6179.94;85.51;100;2.466993385
TUN0003_152;0.06;5367.99;61.4;100;2.788848659
TUN0016_201;0.01;7021.94;73.66;99.99;2.245803764
ARA0002_152;0.51;33223.61;18.35;100;2.62093875
ARA0016_153;0.03;8313.7;40.98;99.99;2.278762675
BOL0045_152;0.15;15559.01;17.58;100;2.255338542
BOL0056_153;0.07;5402.86;68.43;99.99;2.718761095
BOY0006_153;0.02;11174.65;63.33;100;2.798650433
BOY0014_151;0.07;9091.41;76.16;100;2.324423269
BOY0021_153;0.02;7764.07;53.74;100;2.303723976
BOY0051_153;0.03;12418.44;86.08;100;2.19134828
BOY0063_153;0.06;46438.35;20.51;100;2.139400279
BOY0070_152;0.67;18869.35;10.62;99.88;2.215777041
BOY0096_151;0.02;10283.48;57.54;100;2.211316434
BOY0105_151;0.05;17902.5;39.66;100;2.645169265
BUC0003_151;0.05;26133.76;47.58;100;2.295720755
BUC0007_203;0.01;4384.33;91.08;100;2.351748573
BUC0008_152;0.02;7503.38;50.98;100;2.514360202
BUC0016_151;0.21;10898.62;44.6;100;2.641483325
BUC0025_153;0.02;5996.6;86.84;100;2.403576054
BUC0046_151;0.07;9768.62;64.07;100;2.603000066
BUC0048_201;0;11300.39;66.1;100;2.188831662
BUC0069_202;0.03;24441.12;43.39;100;2.348447816
BUC0080_152;0.04;15816.92;12.91;100;2.508067369
BUC0085_153;0.04;4395.74;85.45;100;2.700886858
BUC0092_151;0.01;9180.86;56.07;100;2.529118414
BUC0100_153;0.19;6697.88;72.27;100;2.68419293
BUC0104_153;0.05;9665.9;51.87;100;2.48308609
BUC0105_201;0;9292.08;72.94;99.97;2.191356855
BUC0105_203;0;12660.47;70.53;100;2.176878823
BUC0108_202;0.04;7103.26;80.68;100;2.364949545
BUC0129_152;0.02;8645.82;72.74;100;2.574965592
BUC0129_153;0.13;6965.14;57.25;100;2.324065814
BUC0135_201;0.02;10353.4;73.74;100;2.189424858
BUC0138_152;0.06;8975.72;67.26;100;2.191561192
BUC0153_201;0.02;7896.14;84.16;100;2.291525326
BUC0179_153;0.1;10119.85;56.97;100;2.578535302
BUC0183_153;0.1;9284.89;69.84;100;2.580667876
BUC0184_201;0;15457.58;36.96;100;2.22280438
BUC0187_202;0.02;7597.26;78.7;100;2.273164113
BUC0190_202;0.01;10721.34;73.19;100;2.277803531
BUC0195_203;0.01;19477.72;70.08;100;2.144660468
BUC0196_201;0;21871.12;19.83;100;2.201996951
BUC0209_152;0.04;17216.24;18.63;100;2.869232992
BUC0209_153;0.03;1325.67;97.38;100;2.94031198
CUC0005_151;0.05;15143.01;38.53;100;2.66900429
CUC0007_152;0.11;10564.18;23.69;100;2.566487627
CUC0010_152;0.02;3728.05;91.84;100;2.320250322
CUC0012_201;0.02;8134.33;73.86;100;2.345681779
CUC0013_151;0.06;9995.78;77.76;100;2.335484636
CUC0015_201;0.01;17391.65;60.19;100;2.218942015
CUC0019_153;0.04;16682.75;24.1;100;2.406848495
CUC0019_201;0.01;6449.16;73.62;100;2.455284374
CUC0021_201;0.01;11475.7;67.65;100;2.198481343
CUC0037_152;0.09;11740.18;40.43;100;2.8196107
CUC0042_203;0.03;3870.85;98.03;100;2.167951136
CUC0051_201;0.12;16561.75;55.61;99.96;2.207342464
CUC0061_202;0.04;11456.55;67.99;100;2.26967327
CUC0063_202;0.02;12740.31;57.52;99.87;2.229889066
CUC0066_201;0.05;2605.99;89.67;100;2.563725184
CUC0068_203;0;9305.65;61.55;100;2.176864331
CUC0078_203;0.03;19179.71;24.78;100;2.322261496
CUC0082_152;0.37;6051.41;20.2;99.93;2.927873033
NST0013_153;0.02;4984.91;80.8;100;2.693588117
NST0015_152;0.07;2705.31;94.02;99.95;2.496640492
NST0015_202;0.22;8916.38;56.25;99.97;2.033655725
SAT0003_152;0.05;5611.84;84.74;100;2.485560886
SAT0004_152;0.09;5939.56;65.3;100;2.924420959
SAT0004_203;0.09;23961.85;42.94;100;2.520772979
SAT0009_152;0.06;5181.71;85.34;100;2.533126782
SAT0028_153;0.02;11082.47;41.9;100;2.949643835
SAT0031_203;0.08;3971.12;91.8;100;2.492712699
SAT0034_152;0.04;4956.75;92.79;100;2.465441089
SAT0041_201;0.04;23371.96;29.45;100;2.164134971
SAT0042_202;0.17;10093.74;60.97;96.82;2.106309907
SAT0043_152;0.15;1554.52;97.39;100;2.676574697
SAT0047_202;0.01;7061.96;89.16;100;2.267216811
SAT0049_203;0.14;9032.8;86.71;99.98;2.527559929
SAT0050_151;0.11;9423.02;40.56;100;2.715556313
SAT0051_152;0.38;5629.73;87.76;99.98;2.657668738
SAT0085_202;0;38481.36;9.38;100;2.171892114
SAT0109_151;0;41753.97;30.22;100;2.108948991
SAT0112_152;0.45;7928.76;74.28;99.58;2.746559368
SAT0118_201;0.11;17583.5;29.73;100;2.233155075
SAT0133_203;0.18;35891.99;11.03;99.93;2.232435186
SAT0143_153;0.04;4687.51;81.58;100;2.88434771
SAT0159_153;0.06;3718.09;85.18;100;2.775615681
SAT0168_203;1.36;7666.41;47.68;82.65;2.503992488
SAT0190_203;0.06;6272.42;82.37;100;2.312346424
SAT0198_202;0.08;15497.64;35.75;100;2.173988651
SAT0198_203;0.04;3912.92;99.31;100;2.214214032
SAT0205_151;0.17;1105.72;98.65;100;2.708824737
SAT0205_152;0.07;5182.42;88.21;100;2.59982913
SAT0207_151;0.16;1597.28;97.56;100;2.959641703
SAT0207_153;0.14;1699.5;96.23;99.99;2.971093314
SAT0209_152;0.04;6161.44;66.77;100;2.533647514
TBOY_MLB_510594_103;0;38357.21;5.45;100;2.209442291
TBOY_MLB_510719_101;0.02;22394.46;25.38;100;2.514895926
TBOY_MLE_520558_102;0.02;30955.48;15.44;100;2.347047483
TBOY_MLE_520592_103;0;18849.9;18.69;100;2.329909843
TSAT_MLU_560072_102;0.03;32045.88;15.85;99.97;2.137785722
TTUN_MLU_520611_101;0.03;10790.95;74.67;100;2.349458097
TUN0002_152;0.07;3753.3;90.78;100;2.784643813
TUN0010_153;0.03;21572.34;52.46;100;2.186342547
ANT0064_152;0.26;3262.13;88.37;100;2.49259765
ARA0001_152;0.03;4248.29;62.86;99.99;2.759243347
ARA0002_151;0.11;3558.69;91.64;100;2.720247758
ARA0007_151;0.14;5591.01;81.65;100;2.694540208
BOL0045_151;0.05;27767.24;30.35;99.99;2.150950183
BOL0056_151;0.13;6795.2;72.52;100;2.243634334
BOL0056_152;0.02;3572.49;87.8;99.99;2.63134363
BOY0020_153;0.11;3866.68;91.66;100;3.000668416
BOY0021_152;0.04;8864.38;78.89;100;2.291467145
BOY0026_152;0;31199.81;6.42;100;2.3233356
BOY0027_151;0.04;23047.96;30.33;100;2.233138069
BOY0032_153;0.15;5082.33;91.12;100;2.763262336
BOY0044_201;0.01;12645.99;59.75;99.99;2.526900199
BOY0074_201;0.03;7846.71;84.87;100;2.287541062
BOY0088_152;0.06;12558.76;18.06;100;3.17423977
BOY0088_153;0.01;30955;35.4;100;2.233439618
BOY7016_182;0.18;11301.54;6.17;100;2.518562121
BOY7044_181;0.63;24192.66;8.09;100;2.222267373
BUC0001_152;0.04;8699.11;66.69;100;2.591900774
BUC0003_152;0.07;20917.83;14.07;100;2.328815208
BUC0003_153;0.29;19181.5;34.51;100;2.419601324
BUC0004_151;0.06;12866.19;44.97;100;2.349300895
BUC0007_201;0.01;12345.7;53.32;100;2.207819409
BUC0007_202;0.01;5562.76;76.62;100;2.290811637
BUC0008_151;0.02;6060.43;79.25;100;2.736450234
BUC0008_153;0.01;7221.22;69.86;100;2.710123696
BUC0009_152;0.02;15314.18;36.47;100;2.398535334
BUC0024_151;0.14;5430.82;81.61;100;2.681728299
BUC0024_153;0.09;7061.73;67.75;99.99;2.979891967
BUC0029_151;0.04;15087.13;44.31;100;2.542829521
BUC0029_152;0.02;9388.72;82.15;100;2.443618008
BUC0029_153;0.12;5334.78;89.28;100;2.735908108
BUC0034_201;0.04;6143.25;83.92;100;2.311072312
BUC0037_153;0.1;12833.78;61.52;100;2.381870739
BUC0043_202;0;8416.27;25.53;100;2.689528822
BUC0044_201;0;13161.24;66.71;100;2.213588006
BUC0044_203;0.01;7871.07;78.47;100;2.174362595
BUC0048_202;0;9496.82;67.21;100;2.164614508
BUC0048_203;0.03;9528.13;55.64;100;2.233028418
BUC0051_153;0.02;2571.14;95.07;100;3.071597982
BUC0069_151;0.05;13195.92;42.46;100;2.82018886
BUC0069_152;0.21;17470.13;30.51;100;2.687194942
BUC0069_153;0.07;16849.48;42.86;100;2.624528876
BUC0101_202;0.07;18241.23;20.23;100;2.289802509
BUC0101_203;0;16333.08;53.57;100;2.187450553
BUC0105_202;0;14412.18;34.41;100;2.172698195
BUC0123_201;0.01;6711.28;93.56;100;2.138312833
BUC0124_202;0;13611.63;40.89;100;2.207406232
BUC0129_151;0.04;7305.37;73.11;99.99;2.340426914
BUC0135_152;0.04;6823.18;64.06;100;3.02026962
BUC0138_151;0.05;1999.94;98.67;100;2.754289033
BUC0139_153;0;10135.23;31.48;100;2.762232603
BUC0139_203;0.01;25184.94;26.19;100;2.130244616
BUC0149_201;0.01;4511.35;77.27;100;2.41710944
BUC0150_201;0.01;7078.15;72.45;100;2.229212727
BUC0179_152;0.06;12744.64;22.53;100;2.423488408
BUC0183_203;0.02;4883.26;88.2;100;2.269748806
BUC0185_202;0.02;10763.32;59.86;100;2.162106073
BUC0187_203;0;9194.45;64.11;100;2.273852863
BUC0195_201;0.01;7396.83;82.29;100;2.140815686
BUC0197_152;0.13;8586.43;35.54;100;2.617633502
BUC0205_152;0.05;10968.1;37.56;100;2.6248735
BUC0205_153;0.02;7116.48;70.33;100;2.504750325
CES0023_153;0.02;2181.65;98.31;99.99;2.163482449
CES0023_202;0.03;11708.34;60.53;99.97;1.416290853
CES0038_153;0.05;28735.93;23.69;100;2.230633058
CES0040_153;0.01;25323.53;40.17;100;2.122191201
CUC0003_152;0.01;10521.39;60.53;100;2.495746921
CUC0006_201;0;11523.64;63.95;100;2.328184789
CUC0016_151;0.02;11104.31;55.31;100;2.809213097
CUC0016_152;0.03;5573.48;86.72;100;2.524692667
CUC0016_202;0.04;3976.59;95.37;100;2.228313448
CUC0018_152;0.01;9459.2;64.75;100;2.504373752
CUC0018_202;0.01;11973.42;52.98;100;2.192739392
CUC0019_152;0.19;21959.57;27.11;100;2.494550859
CUC0044_152;0.02;9356.57;23.19;100;3.054361511
CUC0047_153;0.03;2590.88;96.61;100;2.551487271
CUC0051_202;0.14;15240.95;58.59;99.96;2.193600094
CUC0051_203;0.11;8103.69;90.68;99.97;2.167830136
CUC0061_152;0.11;19934.33;44.37;100;2.412893906
CUC0064_151;0.06;13518.52;53.75;100;2.190413965
CUC0075_152;0;10002.52;58.68;100;2.267040408
CUC0082_201;0.02;30660.93;43.28;100;2.184409754
CUC0082_202;0;30913.18;14.35;100;2.236499749
CUC0083_152;0.2;11602.38;53.93;99.98;2.47671887
CUC0083_202;0.03;9312.69;69.73;100;2.186044737
CUC0096_151;0.01;5539.43;44.84;100;3.0004882
CUN0190_201;0.03;12062.23;43.12;100;2.37086461
NST0001_151;0.02;2814.72;95.96;100;2.60801882
NST0001_153;0.19;3638.2;94.67;100;2.372230471
NST0010_153;0.05;7927.68;73.55;100;2.340303887
NST0011_152;0.05;8159.59;70.34;100;2.431858621
NST0013_152;0;14419.32;53.9;100;2.472533949
NST0014_153;0.07;11585.07;61.14;99.97;2.362767754
NST0017_202;0.01;20098.76;43.98;100;2.244037894
NST0022_152;0.24;6119.99;73.55;99.96;2.929430262
NST0026_153;0.34;8958.22;41.72;99.96;2.766668005
NST0035_151;0.06;9503.73;38.99;100;2.374375084
NST0056_152;0.16;31057.09;3.25;100;2.044087114
NST0059_151;0.04;6718.86;88.48;100;2.366000435
NST0061_202;0.04;5045.44;87.91;100;1.6070865
SAT0001_152;0.01;12417.88;39.99;100;2.620117694
SAT0005_152;0.05;13705.02;45.32;100;2.454821638
SAT0009_202;0.05;2255.24;96.43;100;2.499084101
SAT0028_152;0.13;2279.36;95.51;100;2.848790524
SAT0032_152;0.03;11703.23;64.4;100;2.655518553
SAT0036_152;0.1;2380.56;93.86;100;3.030460533
SAT0043_151;0.17;1863.56;95.31;100;2.877733335
SAT0044_153;0.14;2143.97;97.2;100;2.77475704
SAT0047_153;0.1;4998.18;85.08;100;2.701481776
SAT0052_203;0.02;22673.75;27.48;100;2.140423279
SAT0058_153;3.71;8154.3;50.66;83.27;2.517655401
SAT0059_152;0.18;17000.57;27.61;100;2.775877151
SAT0069_153;0.47;2855.84;94.39;99.94;2.789693952
SAT0076_151;0.38;4392.72;69.4;99.89;2.841391229
SAT0085_203;0.01;42630.58;26.88;100;2.087373842
SAT0087_151;0.48;12364.6;43.47;99.34;2.419705856
SAT0105_152;0.01;11625.36;56.06;100;2.39843869
SAT0106_153;0.04;3579.04;91.19;100;2.48723252
SAT0112_153;0.15;5467.65;80.3;98.9;2.541742259
SAT0117_152;0.2;4276.99;52.52;99.97;3.432095503
SAT0135_201;1.24;4286.79;90.97;97.78;2.229268565
SAT0159_151;0.04;3171.02;60.59;100;3.060135492
SAT0159_152;0.04;17473.77;17.94;100;2.211556589
SAT0168_202;0.54;3959.17;79.39;79.9;2.332358361
SAT0169_152;0.04;4731.35;79.54;100;2.789888199
SAT0190_153;0.06;5751.65;78.47;100;2.867804653
SAT0196_153;0.09;9294.65;62.83;100;2.486085393
SAT0198_201;0.01;5366.5;97.08;100;2.211465615
SAT7025_181;0.24;13094.04;5.3;100;2.498014654
TBOY_MLB_510229_103;0;16954.83;28.72;99.98;2.589880789
TBOY_MLB_510585_101;0.06;15070.09;28.74;99.77;2.376084887
TBOY_MLB_510585_102;0.48;11599.5;40.75;99.83;2.682595118
TBOY_MLB_510594_101;0.02;29409.56;37.58;100;2.115140964
TBOY_MLB_510594_102;0;28553.64;22.33;100;2.325749608
TBOY_MLE_520558_101;0.04;24072;8.56;100;2.573994068
TSAT_MLU_560139_101;0.02;19838.4;49.86;99.97;1.796205845
TSAT_MLU_560292_102;0;25048.59;29.36;100;1.856490167
TSAT_MLU_560292_103;0;24913.43;32.64;99.98;2.08813864
TSAT_MLU_682085_103;0.02;39253.63;25.37;100;2.079115302
TTUN_MLB_510241_102;0;27581.79;5.68;100;2.67022444
TTUN_MLB_510247_102;0.02;6218.15;82.49;100;2.909964633
TTUN_MLB_510421_101;0;6545.02;73.07;99.99;3.372543975
TTUN_MLE_520550_103;0.01;24025.2;26;100;2.457933949
TUN0006_152;0.01;20614.43;30.96;99.99;2.213907035
TUN0013_151;0.11;7094.44;45.07;100;2.5829049
TUN0023_153;0.02;5328.12;76.59;100;2.728657562
ARA0005_153;0.06;11236.5;18.59;100;2.334891555
ARA0011_152;0.08;2189.18;88.91;99.99;2.879587524
ARA0017_151;0.1;7491.73;52.42;99.99;2.376680399
BOL0045_153;0.05;37559.69;13.73;100;2.218123921
BOY0006_152;0.07;10433.87;57.54;100;2.285041077
BOY0015_153;0.02;19050.5;24.35;100;2.77529521
BOY0017_154;0.16;13089.63;27.69;99.95;2.578946423
BOY0027_153;0;15572.95;52.4;100;2.275966001
BOY0029_152;0.03;15660.04;43.9;100;2.44708076
BOY0030_153;0.07;6733.28;85.67;100;2.597746216
BOY0033_152;0.13;18331.22;31.02;100;2.458694274
BOY0038_151;0.16;11875.24;24.58;100;2.536937932
BOY0043_151;0.06;16177.92;61.58;99.99;2.228609904
BOY0057_152;0.06;43604.69;6.67;100;2.404980395
BOY0061_151;0.12;28782.63;29.89;100;2.260407781
BOY0062_151;0;10150.68;49.52;100;2.479428858
BOY0070_153;0.36;11826.32;58.55;100;2.508959592
BOY0093_153;0;19916.57;9.2;100;2.086655707
BOY7031_181;0;39101.15;3.67;100;2.323044739
BUC0002_152;0.22;2490.93;89.92;100;3.1522088
BUC0004_152;0.06;13263.28;35.26;100;2.580430925
BUC0009_151;0.05;13385.14;51.36;100;2.366615193
BUC0016_152;0.04;12947;54.69;100;2.734867651
BUC0073_202;0.03;14783.91;59.78;100;2.24465556
BUC0085_151;0.04;14429.78;34.14;99.98;2.342785302
BUC0085_152;0.08;3872.82;76.26;100;2.957744914
BUC0087_151;0.12;5888.79;72.85;99.99;2.744617518
BUC0120_203;0.02;15594.37;43.45;100;2.221740522
BUC0125_151;0.18;6065.54;51.91;100;2.934322138
BUC0153_202;0;9052.09;83.09;100;2.234644754
BUC0154_202;0.04;11801.51;44.38;100;2.397301915
BUC0162_203;0.02;10848.17;47.79;100;2.264977634
BUC0183_202;0.01;11486.78;58.19;100;2.345906642
BUC0204_151;0.02;4759.58;88.25;100;2.784142274
CES0024_151;0.03;28311.13;15.39;100;2.168505405
CES0024_152;0.24;11802.02;16.14;100;2.217221116
CES0040_151;0.21;20126.35;9.43;100;2.502377902
CUC0007_151;0;16506.14;27.51;100;2.474435734
CUC0011_203;0;15279.76;47.2;100;2.29012545
CUC0017_152;0.03;10994.05;64.09;100;2.826826604
CUC0018_151;0.12;17280.25;38.6;100;2.240959233
CUC0028_152;0;5578.04;27.32;100;3.129582033
CUC0037_153;0.05;3733.81;88.3;100;2.678351581
CUC0041_201;0.02;13753.45;44.22;100;2.359080814
CUC0041_203;0;19450.84;43.99;100;2.237431139
CUC0080_201;0.02;6512.43;81.98;100;2.298326606
CUC0080_202;0.06;10650.63;47.94;100;2.353046522
NST0002_152;0.03;17516.35;32.29;100;2.173741893
NST0027_152;0.3;18318.22;5.79;100;2.405935447
NST0031_203;0.01;14176;69.09;100;2.094867768
NST0039_152;0.03;14066.63;27.21;100;2.663076185
SAT0001_151;0.08;1796.05;97.07;100;2.608345422
SAT0013_153;0.06;2433.24;94.88;100;2.716079156
SAT0023_153;0.21;11718.91;62.67;100;2.585500684
SAT0024_152;0.28;4100.79;90.69;100;2.896628912
SAT0028_151;0.02;10681.02;21.57;100;2.953284537
SAT0031_202;0.03;14353.61;66.26;100;2.198909779
SAT0042_151;0.64;7655.66;70.3;97.35;2.642147982
SAT0059_151;0.47;5538.48;53.76;99.97;3.348768803
SAT0062_152;0.02;7586.01;70.66;100;2.614509396
SAT0081_152;0.07;13217.35;50.32;99.94;2.251537426
SAT0083_152;0.27;1810.18;94.98;100;3.014453931
SAT0085_201;0;28198.25;6.57;100;2.141328751
SAT0125_202;0.03;2365.9;97.77;100;2.230629949
SAT0131_152;0.02;1323.28;97.75;100;2.470710148
SAT0133_202;0.56;35085.07;9.83;99.93;2.290448323
SAT0141_152;0.05;1281.54;96.95;100;3.00081244
SAT0155_153;0.01;10598.19;73.94;100;2.722251551
SAT0178_202;0.04;6418.78;79.06;100;2.255860697
SAT0207_152;0.14;6562.34;66.13;100;2.598983028
TBOY_MLB_510120_101;0.02;15082.57;44.28;100;2.566799842
TBOY_MLB_510244_103;0.01;8991.46;63.32;100;3.202524624
TBOY_MLE_520591_103;0.03;8502.26;80.09;100;2.382677744
TBOY_MLE_520592_102;0.02;15317.16;42.28;100;2.50086409
TTUN_MLB_510167_102;0.05;12164.56;63.93;100;2.702538295
TTUN_MLB_510246_101;0.02;6037.9;70.15;100;3.038186171
TTUN_MLB_510421_103;0.01;11887.5;53.43;100;2.941580062
TTUN_MLB_510437_102;0.02;21217.33;37.82;100;2.565884323
TTUN_MLB_510517_102;0;14559.48;28.78;100;2.940082204
TTUN_MLE_520605_101;0;24291.01;39.38;100;2.298589034
TTUN_MLE_520637_102;0.03;4791.75;85.19;100;2.946393726
ARA0005_151;0.08;9504.46;37.89;100;2.648506798
ARA0008_152;0.07;6425.83;77.39;100;2.386760385
ARA0017_152;0.16;8311.01;43.57;99.98;2.214998933
BOL0030_153;0.02;4602.24;87.58;100;2.208757973
BOY0001_153;0.07;13204.45;63.42;99.98;2.881308893
BOY0017_151;0.11;11497.14;31.59;99.57;2.799814403
BOY0017_152;0.09;15591.39;38.08;99.86;2.366236951
BOY0031_151;0.03;13797.45;56.39;100;2.410688622
BOY0031_153;0;22716.14;9.9;100;2.230382799
BOY0034_152;0;9213.66;63.56;100;2.713875469
BOY0039_153;0.11;3805.22;86.77;100;2.896460422
BOY0081_151;0;12288.93;30.72;100;2.805583258
BOY7012_181;0.19;4976.79;75.31;100;2.555709748
BUC0001_151;0.07;14617.59;63.78;100;2.457011341
BUC0006_201;0.01;7604.1;79.07;100;2.234168415
BUC0009_153;0.05;11567.9;57.18;100;2.414304611
BUC0010_151;0.03;11462.09;56.7;100;2.695257259
BUC0014_151;0.03;17421.6;47.63;100;2.712789516
BUC0014_202;0.02;21837.67;40.3;100;2.316191441
BUC0020_151;0.07;12137.13;44.1;99.93;2.668270608
BUC0040_153;0.06;5989.92;85.59;100;2.721609661
BUC0044_202;0;5634.42;81.27;100;2.265987508
BUC0069_201;0.05;19313.83;61.67;100;2.129020701
BUC0076_201;0.01;4878.27;83.45;100;2.253199025
BUC0080_153;0.07;14964.97;45.44;99.99;2.445563684
BUC0089_153;0.11;7818.9;26.46;100;3.325047719
BUC0108_201;0.01;2566.36;98.15;100;2.299823964
BUC0137_201;0.05;12963.98;64.67;100;2.133981979
BUC0137_203;0.01;3853.07;89.92;100;2.299103002
BUC0139_151;0.16;15937.97;25.04;100;3.161403682
BUC0153_203;0.04;3999.33;88.99;100;2.363606016
BUC0183_151;0.15;8572.59;68.39;100;2.874016012
BUC0185_201;0;6246.62;79.78;100;2.242854246
BUC0187_201;0.01;4414.84;95.69;100;2.262770041
BUC0189_153;0.02;11792.47;79.41;100;2.263691342
BUC0197_153;0.03;13993.28;37.17;100;2.182538848
CES0022_152;0.04;3816.48;93.72;100;2.396605934
CES0022_153;0.06;8153.66;71.09;100;2.405406974
CES0047_153;0.03;19936.87;34.65;99.98;2.200287807
CUC0005_153;0.13;11206.45;52.37;100;2.608427681
CUC0005_203;0.06;7442.49;71.77;100;2.259130085
CUC0010_151;0.02;2550.41;98.8;100;2.481821743
CUC0012_153;0.03;15413.94;22.65;100;2.426852573
CUC0013_153;0.06;4585.2;88.36;100;2.571837463
CUC0013_203;0.02;3102.23;94.43;100;2.316167327
CUC0017_151;0.03;9256.89;64.92;100;2.910931373
CUC0028_151;0.03;21728.86;46.49;100;2.385949998
CUC0037_151;0.1;15688.57;30.04;100;2.226781677
CUC0040_203;0.03;15099.29;39.27;100;2.143677342
CUC0044_151;0.01;16553.96;42.77;99.95;2.605644804
CUC0044_153;0.18;7924.42;46.59;99.84;2.855471483
CUC0053_201;0.02;2152.55;92.23;100;2.25008541
CUC0064_152;0.04;16383.13;43.84;100;2.411865452
CUC0080_203;0.01;6445.86;71.31;100;2.223738066
CUC0087_202;0.05;1260.55;97.07;100;1.900966352
CUN0112_151;0.05;6695.19;75.91;100;2.856558567
NST0009_152;0.05;10446.63;76.47;100;2.351051842
NST0016_201;0.01;20830.97;50.79;100;2.151846445
NST0030_202;0.03;3070.11;98.32;100;2.366783838
NST0041_151;0.13;10725.8;81.12;100;2.262300067
NST7020_181;8.62;27979;0.85;94.68;2.653478551
SAT0019_152;0.11;6716.06;89.08;100;2.361571946
SAT0031_152;0.07;9913.61;73.51;100;2.458630729
SAT0034_203;0.03;2766.91;93.39;100;2.599420523
SAT0036_153;0.25;3390.56;88.18;99.99;2.980808513
SAT0041_151;0.04;12926.71;48.11;100;2.469142849
SAT0046_151;0.04;12947.01;69.41;99.98;2.19696733
SAT0049_153;0.07;9263.05;63.16;99.99;2.671268771
SAT0051_153;0.09;5976.59;78.61;100;2.602169503
SAT0065_152;0.3;21456.21;32.36;100;2.300856193
SAT0072_152;0.01;19701.98;43.49;100;2.211811177
SAT0073_152;0.03;38866.7;13.46;100;2.072976802
SAT0083_151;0.21;3417.51;90.66;100;2.815214705
SAT0105_153;0.04;11177.09;52.24;100;2.464154059
SAT0143_151;0.09;3656.39;70.67;100;3.021753148
SAT0165_151;0.01;8681.48;72.7;100;2.455015215
SAT0178_201;0.02;6080.23;77.56;100;2.21983405
SAT0206_152;0.07;2100.67;97.6;100;2.701470086
SAT7041_182;2.88;8327.39;1.08;100;3.54380912
TBOY_MLB_510229_101;0.02;6102.72;83.21;100;2.72657747
TBOY_MLE_520558_103;0;23853.87;19.18;100;2.39718756
TSAT_MLU_682085_101;0;39505.8;4.86;100;2.300882263
TTUN_MLB_510241_103;0.01;15793.64;44.76;100;2.501638253
TTUN_MLB_510437_101;0.02;14909.14;33.71;100;2.772231597
TTUN_MLB_510437_103;0;18809.42;27.53;100;2.583405788
TTUN_MLB_510727_103;0.02;12709.64;43.93;100;2.402834892
TTUN_MLB_510801_102;0;7503.87;63.38;100;3.151115401
TUN0001_151;0.03;7211.04;82.67;100;2.321188086
TUN0006_151;0.04;7669.67;51.07;100;2.741876833
ARA0003_151;0.1;1305.99;99.13;99.99;2.382311001
BOY0002_152;0.29;13015.51;50.49;100;2.400805256
BOY0016_151;0.19;13916.74;12.48;100;2.480073515
BOY0026_151;0.03;6882.57;27.28;100;3.286230262
BOY0035_202;0.7;12375.55;50.69;99.11;2.469795407
BOY0039_152;0.43;10459.62;38.02;100;2.738703042
BOY0069_152;0.04;23904.77;33.72;100;2.139669375
BOY0069_153;0;22420.57;13.35;100;2.459168455
BUC0002_202;0.14;3029.48;90.61;99.96;2.7330837
BUC0006_202;0.02;6175.62;63.41;100;2.446367542
BUC0027_202;0.04;21012.26;24.37;100;2.192411897
BUC0034_202;0.02;6165.4;94.89;100;2.206696724
BUC0037_152;0.15;6013.21;81.35;100;2.637081266
BUC0042_151;0.1;6882.73;61.06;100;2.82255502
BUC0042_153;0.06;5007.41;92.42;100;2.634463251
BUC0054_151;0.08;2846.84;94.62;100;2.709221774
BUC0087_153;0.01;6282.68;77.81;100;2.746506277
BUC0092_153;0.03;9842.99;58.78;100;2.302196334
BUC0125_152;0.09;4018.09;81.45;100;3.092741196
BUC0147_153;0.08;5083.56;84.71;100;2.851047836
BUC0150_202;0;13311.59;45.6;100;2.212873165
BUC0183_152;0.2;10575.13;43.5;100;3.059731428
BUC0183_201;0.15;6186.43;83.84;99.99;2.384991853
BUC0190_152;0.04;19685.42;31.73;100;2.759809381
BUC0190_201;0;19452.52;53.28;100;2.311173354
BUC0195_202;0;22807.94;63.77;100;2.106910788
CES0039_153;0.3;13844.45;34.54;99.97;2.962111169
CUC0001_202;0.02;29216.52;42.27;100;2.110381422
CUC0007_201;0.02;15266.62;50.21;100;2.304137984
CUC0011_151;0.02;11153.95;61.73;100;2.865495975
CUC0013_152;0.06;11428.53;64.79;99.98;2.632111605
CUC0013_201;0.01;5686.36;87.71;100;2.325931724
CUC0015_202;0.02;4818.89;90.89;100;2.298978719
CUC0018_153;0.02;13814.38;54.9;100;2.408353149
CUC0018_201;0.02;29569.42;48.78;100;2.201403919
CUC0021_151;0.03;19954.69;32.53;100;2.438891859
CUC0040_201;0.01;12059.49;49.71;100;2.276037859
CUC0041_151;0;16107.87;22.41;100;2.738613127
CUC0041_153;0;10801.72;45.75;100;2.74992727
CUC0049_153;0.14;26787.6;15.16;100;2.54744413
CUC0078_202;0.03;7540.66;57.85;100;2.572778283
CUC0096_153;0.04;13078.32;58.19;100;2.46659234
CUN0112_201;0.1;15897.03;44.89;100;2.287210404
NST0016_202;0.01;20421.05;48.09;100;2.196299226
NST0060_152;0;23545.95;3.52;100;2.144578751
NST0061_151;0.03;7517.31;67.84;100;2.767197733
SAT0009_153;0.04;5608.77;88.38;100;2.34598085
SAT0017_151;0.16;19009.02;22.11;100;2.338140145
SAT0046_152;0;14184.79;46.62;99.98;2.282842412
SAT0058_151;2.4;8956.97;45.31;95.34;2.586214414
SAT0065_153;0.68;6653.83;73.75;100;2.759104199
SAT0067_152;0.78;2655.87;86.49;100;3.176617681
SAT0073_153;0;39774.7;11.19;100;2.112222217
SAT0083_153;0.1;2780.45;95.36;100;2.450600064
SAT0088_152;0.15;24664.18;11.74;100;2.556804414
SAT0089_153;0;5135.53;26.9;100;2.63134282
SAT0091_153;0.05;2761.57;88.94;99.99;2.820622529
SAT0112_203;0.03;5439.68;92.91;99.78;2.192573698
SAT0117_151;0.22;2910.62;92.14;99.97;3.059402024
SAT0124_203;0.02;10336.04;73.94;100;2.356627871
SAT0133_201;0.33;20415.61;6.86;99.89;2.450011212
SAT0168_201;0.31;9172.52;76.16;94.62;2.263738569
SAT0175_203;0.06;5647.19;57.55;100;2.636375602
SAT0197_153;0.05;1837.24;97.1;100;2.775879167
SAT7033_181;0;13173.1;5.61;100;2.455098758
SAT7041_181;0;33960.09;1.23;100;2.360676079
TBOY_MLB_510452_103;0.03;13353.75;37.5;100;2.847034576
TSAT_MLU_560139_103;0.02;22544.94;43.95;99.97;1.799103068
TSAT_MLU_560386_103;0.03;14576.48;56.4;99.99;1.938901713
TTUN_MLB_510240_102;0.01;9238;77.63;99.99;2.482649089
TTUN_MLB_510727_101;0.03;31980.64;26.23;100;2.383611313
TUN0007_153;0.01;21545.11;23.82;100;2.547918715
TUN0015_152;0;10562.75;38.22;100;2.46362786
TUN0016_202;0.02;8965.65;81.78;99.98;2.133437756
ARA0001_151;0.15;3970.55;60.2;100;3.023117941
ARA0016_151;0.1;6262.35;64.41;100;2.485542491
BOY0006_151;0.03;7999.02;79.66;100;2.529613719
BOY0007_152;0.02;16355.52;49.97;100;2.478206708
BOY0011_203;0;5423.16;92.8;100;2.230543133
BOY0016_152;0.04;6198.17;67.01;100;2.792111121
BOY0028_151;0.12;16875.84;18.2;100;2.402482904
BOY0035_151;0.94;6728.12;52.08;99.77;2.772819648
BOY0044_152;0.07;15271.39;79.96;100;2.411669163
BOY0069_151;0.07;12386.33;30.99;100;2.550634637
BOY0109_152;0.13;4085.6;83.61;99.99;3.056994109
BOY7016_183;0.43;6629.13;7.2;100;2.837235718
BUC0005_153;0.02;13302.76;33.59;100;2.657706012
BUC0025_151;0.05;3140.14;95.2;99.99;2.813034613
BUC0027_203;0.03;18014.8;14.43;100;2.34330148
BUC0037_151;0.05;11314.15;62.66;99.98;2.374652503
BUC0039_152;0.05;4845.48;91.9;100;2.474045786
BUC0139_201;0.07;16520.09;48.25;99.99;2.142834998
BUC0154_201;0.04;16729.81;17.03;100;2.222037111
BUC0165_152;0.12;15772.04;15.28;100;2.676789904
BUC0184_202;0.01;11069.84;79.42;100;2.134381045
BUC0192_202;0.16;10837.75;51.57;100;2.256864383
BUC0202_153;0;13269.27;38.11;100;2.321307739
CES0047_151;0.15;17684.2;20.38;99.98;2.607756026
CUC0001_201;0.11;10614.7;66.34;100;2.173811507
CUC0011_153;0.04;13182.72;40.23;100;2.809580009
CUC0016_201;0;19701.04;60.6;100;2.241523124
CUC0018_203;0.02;20625.89;58.49;100;2.342306636
CUC0019_202;0;25951.38;39.28;100;2.151298721
CUC0021_203;0.02;18788.99;55.2;100;2.18197415
CUC0063_201;0.01;17946.47;56.82;100;2.26691338
CUC0077_202;0.02;8224.68;50.64;100;2.291342609
CUC0083_153;0.03;17707.49;22.65;100;2.623294036
CUN0190_151;0.12;7978.04;67.48;99.94;2.769526793
NST0013_151;0.01;7536;67.46;100;2.858248179
NST0016_153;0.04;15157.73;43.4;100;2.666438432
NST0061_152;0.28;1185.46;95.69;99.99;3.142510146
SAT0001_153;0.07;6106.82;44.51;100;3.378193679
SAT0005_151;0.2;12066.87;40.72;99.94;2.767320459
SAT0011_153;0.1;6043.32;86.01;100;2.344191695
SAT0012_151;0.16;15060.93;13.34;100;2.709848709
SAT0060_152;0.06;16488.37;50.07;99.99;2.101711881
SAT0086_202;0.15;38986.24;35.77;100;2.156014603
SAT0112_201;0.03;10134.92;70.1;99.66;2.199966755
SAT0120_153;0.23;4594.5;80.96;100;2.707264665
SAT0124_202;0.02;17066.18;43.14;100;2.308365072
SAT0150_152;0;24899.13;22.25;100;2.240049852
SAT0157_151;0.1;1860.85;96.21;100;2.783549472
SAT0175_201;0.04;1024.21;95.22;100;2.369524919
SAT7026_182;1.56;12779.25;11.75;100;2.674829643
SAT7042_181;0;;0.83;100;2.232227488
SCUC0001_101;0;11680.87;9.41;100;#DIV/0!
TBOY_MLB_510120_103;0.02;9514.54;83.57;100;2.378781324
TBOY_MLB_510164_102;0;22369.19;17.92;100;2.511794553
TBOY_MLB_510585_103;0.01;13585.04;42.29;100;2.590149345
TBOY_MLE_520591_102;0.01;12426.96;62.87;100;2.388126237
TBOY_MLE_520592_101;0.01;15265.08;48.68;100;2.421887474
TCES_MLU_560258_103;0.02;8885.77;64.79;100;2.240308828
TSAT_MLU_560386_101;0;19976.6;37.54;99.99;2.064025161
TTUN_MLB_510612_101;0.04;9250.01;50.1;100;3.23709025
TUN0001_153;0.02;4644.89;90.88;100;2.421696007
TUN0016_203;0.02;11577.61;57.53;99.99;2.18982954
ANT1072_151;0.03;12310.2;77.68;100;2.277137465
ANT1072_201;0.02;8298.88;94.29;100;2.134468765
ARA0001_153;0.12;5803.23;55.05;99.97;2.705298726
BOY0001_151;0.12;13893.72;54.51;100;2.379303347
BOY0001_201;0.06;17498.68;42.39;100;2.435751944
BOY0012_201;0.04;5033.96;90.65;100;1.476357166
BOY0015_202;0;45511.97;12.46;100;2.102846561
BOY0031_152;0.09;15935.1;32.52;100;2.337089271
BOY0035_153;0.8;10700.21;58.45;99.11;2.463495504
BOY0036_152;0.16;12797.26;22.07;100;2.659702866
BOY0045_152;0.04;15095.61;56.02;100;2.297692237
BOY0047_151;0.02;23608.69;50.22;100;2.134988185
BOY0059_202;0.19;9091.47;53.69;100;2.413583439
BOY0060_203;0.07;13823.49;44.71;99.94;2.135752706
BOY0063_152;0.07;17353.01;50.11;100;2.326764927
BOY0065_151;0.14;2377.28;91.56;100;2.869637924
BOY0081_152;0.18;8291.8;55.59;100;2.924676627
BOY0088_151;0.07;24086.91;29.66;100;2.288571531
BOY0105_202;0.02;13699.9;68.54;100;2.139071776
BOY7005_181;0;53428.7;1;100;2.851780111
BOY7009_182;0;12266.18;1.25;99.41;2.796329895
BOY7044_182;0.47;22057.57;3.15;99.44;2.155548905
BUC0011_151;0.16;7139.19;83.51;100;2.508334413
BUC0014_152;0.42;4567.14;56.61;99.96;3.345720118
BUC0016_153;0.02;19979.8;66.84;100;2.2493431
BUC0018_201;0.08;5418.85;86.04;100;2.934199663
BUC0035_151;0.05;8971.36;66.74;100;2.710089714
BUC0075_203;0.01;20101.09;47.61;100;2.274830368
BUC0082_203;0.03;17169.93;57.1;99.99;2.3049634
BUC0110_201;0.03;13922.9;30.77;100;2.655504401
BUC0130_153;0.08;2255.62;94.19;100;2.760333189
BUC0134_152;0.1;4847.15;84.85;100;2.989701447
BUC0145_201;0.02;7994.41;62.52;100;2.247339535
BUC0154_203;0.02;9049.58;62.54;100;2.404687242
BUC0162_201;0;10731.26;58.62;100;2.236127352
BUC0162_202;0.03;8443.21;42.58;100;2.57070096
CES0041_153;0.04;10928.27;7.91;100;2.856448267
CUC0007_202;0.04;15873.43;40.17;100;2.212936404
CUC0011_152;0.09;11655.71;55.18;100;2.78252057
CUC0011_202;0.05;12704.57;58.47;100;2.263395996
CUC0012_152;0.03;11431.67;61.86;100;2.541470617
CUC0012_203;0.03;15113.07;27.16;100;2.443858424
CUC0014_203;0.03;6935.02;84.74;100;2.19847878
CUC0019_151;0.01;14490.29;52.02;100;2.530513748
CUC0027_152;0.02;9141.91;41.55;100;2.262729988
CUC0040_202;0.05;7116;69.32;100;2.286168244
CUC0043_203;0.02;8293.61;87.53;100;2.234116814
CUC0049_201;0.01;13921.9;64.92;99.88;2.158769936
CUC0049_203;0.36;15878.99;32.36;100;2.334174629
CUC0068_202;0.02;5668.92;73.57;99.99;2.331751223
CUC0078_201;0;12931.87;49.34;100;2.162774415
CUC0082_151;0;36372.43;18.7;100;2.528466967
CUC0083_203;0.05;18795.95;48.67;100;2.217408514
CUN0061_152;0.25;4791.58;84.05;100;2.596326192
NST0008_152;0.28;9196.02;69.31;100;2.767264932
NST0010_151;0.03;11143.99;54.5;100;2.258265825
NST0014_152;0.43;17394.29;24.47;100;2.429765133
NST0061_153;0.05;5316.42;82.43;100;2.677407498
NST0075_153;0.04;5927.14;87.44;100;2.378659313
SAT0016_151;0.13;1976.92;96.53;100;2.281940465
SAT0022_203;0.02;23784.16;44.45;100;2.177500563
SAT0024_153;0.26;1923.07;98.19;100;2.890802827
SAT0032_151;0.03;5913.58;72.06;100;2.81447157
SAT0034_151;0.02;4712.43;97.29;100;2.547967352
SAT0036_203;0.13;11839.34;35.77;100;2.657762683
SAT0055_152;0.22;1336.01;98.35;100;2.910533066
SAT0059_153;0.79;3748.27;90.13;100;3.020079758
SAT0060_151;0.28;11155.89;6.34;100;3.017551654
SAT0068_151;0.84;1145.61;96.61;100;3.138406429
SAT0076_152;0.26;2526.74;87.33;99.83;2.664733018
SAT0080_152;1;11338.06;9.62;100;3.010561968
SAT0112_151;1.34;7080.53;69.6;98.82;2.560212304
SAT0131_151;0.06;2231.95;97.67;100;2.480803392
SAT0169_153;0.05;1829.42;96.35;100;2.601781775
SAT0204_151;0.3;1786.25;96.13;100;2.772370087
SAT7015_182;0.46;17964.3;36.12;100;2.218301435
TSAT_MLU_560139_102;0.02;22056.38;41.33;99.98;1.735349405
TTUN_MLB_510517_103;0.01;7761.37;68.03;100;2.960397912
TTUN_MLB_510805_102;0.01;20615.36;18.96;100;2.639570902
TUN0017_201;0.01;8989.84;71.18;100;2.1380408
TUN0017_202;0;10378.47;51.93;100;2.126338731
ANT0064_153;0.07;5621.07;45.5;100;3.019944177
ARA0003_152;0.21;1892.53;97.33;99.98;2.459462637
ARA0003_154;0.01;9386.71;66.56;100;2.419200451
ARA0008_151;0.53;4893.73;76.82;100;2.401247623
ARA0011_151;0.08;576.68;99.11;100;2.607192169
BOL0053_153;0.19;14596.32;27.4;100;2.45651367
BOL0057_151;0.06;9703.66;63.96;100;2.295698448
BOL0057_152;0.09;18671.34;65.12;99.96;2.392779133
BOY0010_151;0.05;2779.26;95.96;100;2.483747363
BOY0014_153;0.12;2938.85;93.1;100;2.815962832
BOY0015_151;0.09;13440.66;37.18;99.95;2.341056153
BOY0028_153;0.1;9601.4;55.63;99.97;2.657106305
BOY0030_152;0.16;4016.22;90.46;99.89;2.611419762
BOY0030_203;0.21;5038.41;80.64;99.91;1.972926239
BOY0034_153;0.08;13240.68;29.76;100;2.46816814
BOY0036_153;0.13;16032.94;48.51;100;2.364040595
BOY0037_152;0.29;17598.73;8.17;100;2.471832222
BOY0043_152;0.03;6180.71;60.35;100;3.064941805
BOY0048_153;0.09;17055.75;29.2;100;2.412070499
BOY0051_201;0.09;1865.59;94.84;100;1.231612468
BOY0058_151;0.24;5999.73;52.28;99.93;2.583561799
BOY0059_151;0.25;2398.84;94.79;99.88;2.429622932
BOY0059_153;0.19;2383.13;88.49;99.9;2.784580537
BOY0059_201;0.07;11715.24;42.57;99.89;2.243194874
BOY0060_152;0.15;4178.56;88.49;99.81;2.664432634
BOY0060_153;0.12;5556.61;78.41;99.9;2.819010667
BOY0062_153;0.01;19896.21;48.95;100;2.3061525
BOY0064_151;0.32;2144.49;96.14;100;3.225829766
BOY0064_153;0.57;3156.52;80.53;100;3.366654361
BOY0064_202;0.32;14216.19;28.39;99.94;2.28711261
BOY0065_153;0.02;24315;46.37;100;2.171660763
BOY0065_201;0.03;10163.18;44.69;100;1.755610319
BOY0071_152;0;30803.72;19.07;100;2.241706234
BOY0074_153;0.67;9004.23;60.69;99.22;2.69853352
BOY0080_151;0.03;14428.17;33.99;100;2.42101627
BOY0080_153;0.1;18403.47;30.93;99.97;2.160505624
BOY0093_151;0.01;18215.29;29.89;100;2.083694429
BOY0102_153;0;26250.35;24.48;100;2.18323099
BOY0103_151;0.11;14335.82;36.7;100;2.285412811
BOY0105_201;0;8504.55;72.08;100;2.273315809
BOY0109_202;0.08;10266.96;50.95;99.89;1.601140682
BOY7012_182;0.1;9057.54;29.99;100;2.630848074
BOY7030_181;0.31;5063.59;32.78;100;2.413479085
BOY7037_182;0.1;9346.88;42.52;100;2.379098617
BOY7037_183;0.12;5469.27;74.9;100;2.480505861
BUC0005_151;0.06;23211.59;28.58;100;2.262440456
BUC0010_153;0.01;21035.22;37.39;100;2.231842549
BUC0019_152;0.13;1838.68;96.79;100;3.045931773
BUC0047_152;0.13;4514.06;77.75;100;3.170822036
BUC0053_151;0.05;1664.2;96.04;100;3.144007186
BUC0060_202;0.06;4839.62;94.73;100;2.272578337
BUC0075_153;0.02;29644.74;37.74;100;2.472098778
BUC0078_152;0.03;12776.87;60.23;100;2.379034481
BUC0078_153;0;6762.63;47.26;100;2.448775064
BUC0089_151;0;4393.62;55.03;100;2.482325482
BUC0100_202;0.04;4111.86;97.74;100;2.398909087
BUC0101_201;0.03;14273.28;44.54;100;2.215594937
BUC0110_202;0.02;9619.22;67.98;100;2.39854718
BUC0120_202;0.06;11984.7;39.27;100;2.18292237
BUC0148_202;0.04;16606.33;31.83;100;2.267348686
BUC0167_202;0.03;4362.77;92.64;100;2.358482123
BUC0190_153;0.12;10072.55;39.3;100;2.872948744
BUC0204_152;0.03;4554.82;81.74;100;2.870720244
CES0038_152;0.06;5540.62;83.23;99.98;2.62144302
CES0039_152;0.1;5622.21;81.01;100;2.55815293
CES0043_152;0.88;13467.27;36.19;99.96;2.52783745
CUC0016_153;0.07;1904.06;99.52;100;2.903181475
CUC0021_153;0.09;12636.37;48.13;100;2.659850483
CUC0041_152;0.07;20110.87;28.36;100;2.533293519
CUC0060_201;0.02;5014.37;88.52;100;2.298082312
CUC0062_151;0;7702.09;28.84;100;2.626305953
CUC0066_152;0.04;3910.11;91.84;100;2.653488663
CUC0075_153;0.03;24512.64;72.4;100;2.367230277
CUC0082_153;0.15;11717.4;29.09;100;2.732115366
CUC0087_153;0.07;5816.54;79.63;100;2.616813067
CUC0089_151;0.08;17849.08;24.38;100;2.604210486
CUN0150_152;0.14;12165.54;55.15;99.95;2.196075125
CUN0150_203;0.19;16202.78;28.49;99.94;2.118821378
CUN0190_152;0.16;1191.46;97.89;99.94;2.541984421
NST0002_151;0.09;9849.83;34.76;99.89;2.485690842
NST0002_153;0.14;1306.55;99.08;99.99;2.287577789
NST0011_153;0.02;7211.58;65.46;100;2.309838092
NST0017_151;0.27;2205.16;80.07;100;2.485722099
NST0025_151;0.25;3261.36;91.5;100;3.363204928
NST0029_153;0.17;6044.4;79.46;100;2.66597082
NST0037_153;0.05;5134.74;83.21;100;2.214742418
NST0040_153;0.05;11042.73;32.58;100;2.234129565
NST0059_153;0.02;3023.32;97.35;100;2.233504212
NST0062_153;0.07;15875.77;30.4;100;2.310488788
SAT0001_201;0.07;13989.84;65.25;100;2.271738463
SAT0003_153;0.17;4481.38;76;100;2.903326063
SAT0006_152;0.26;4215.91;77.06;100;2.69513064
SAT0012_152;0.03;5533.03;85.61;100;2.202252409
SAT0014_151;0.14;5575.63;72.06;99.95;2.754653891
SAT0015_152;0.14;1942.38;94.75;100;2.822908175
SAT0015_153;0.04;3568.84;82.97;100;2.731574748
SAT0016_152;0;21697.1;30.74;100;2.468783346
SAT0016_153;0;10342.48;65.65;100;2.258538844
SAT0017_152;0.02;10127.85;51.14;100;2.551876695
SAT0022_152;0.11;9626.43;48.3;100;2.723003759
SAT0022_153;0.07;19090.3;19.72;100;2.540420436
SAT0022_201;0.05;16463.94;49.3;100;2.248518836
SAT0022_202;0.01;27622.79;28.1;100;2.23607607
SAT0032_153;0.02;6577.82;79.82;100;2.583871925
SAT0032_202;0.06;3043.53;97.13;100;2.786871612
SAT0040_153;0.32;25953.51;13.84;100;2.181757789
SAT0043_201;0.26;3159.52;95.97;99.97;2.367537228
SAT0046_153;0.06;23974.13;25.47;99.97;2.160100203
SAT0047_152;0.09;3469.26;87.64;100;2.847842237
SAT0052_151;0.05;13156.31;30.52;100;2.382701823
SAT0052_153;0.15;1634.4;94.64;100;3.038897604
SAT0055_203;0.04;10025.26;79.64;100;2.100781304
SAT0056_151;0.12;10228.46;34.58;99.84;2.578809108
SAT0057_151;0.03;14152.95;27;100;2.108113228
SAT0058_202;1.97;10722.06;40.84;90.11;2.377605261
SAT0063_151;0.25;19410.06;42.38;100;2.520529085
SAT0068_153;1.13;2359.8;97.23;100;2.68287476
SAT0069_152;0.3;1532.47;98.74;99.99;2.636014184
SAT0070_152;0.04;22114.63;38.66;100;2.256280234
SAT0070_153;0.06;11143.08;71.34;100;2.212507034
SAT0072_151;0.09;7621.8;54.25;100;2.789263285
SAT0077_151;0.1;6074.02;58.35;99.79;2.603924573
SAT0087_152;1.05;4810.12;56.47;99.14;2.947567747
SAT0087_153;0.44;3979.54;86.36;98.76;2.454070863
SAT0099_152;0.19;18542.52;25.15;100;2.50291252
SAT0099_153;0.09;1318.63;99.11;99.99;2.343133911
SAT0105_151;0.06;14842.18;37.69;100;2.473734044
SAT0106_152;0.06;5657.15;89.43;100;2.595658474
SAT0109_152;0.26;19824.76;22.89;99.96;2.427387237
SAT0111_203;0.03;24107.16;33.35;99.99;2.079959339
SAT0124_201;0.01;9420.62;66.19;100;2.271925949
SAT0125_203;0.02;5703.65;90.19;100;2.27070166
SAT0141_202;0.01;7827.71;88.75;100;2.2899519
SAT0144_202;0;16268.28;29.98;100;2.329427415
SAT0150_153;0;10532.21;38.39;100;2.132723999
SAT0162_153;0.04;5969.86;84.79;100;2.585797241
SAT0188_153;0.03;3413.53;94.95;100;2.369738055
SAT0209_151;0.15;3816.24;91.74;100;2.480077339
SAT7015_181;0.44;12233.35;28.29;100;2.790045539
SAT7017_181;0.79;3056.17;61.88;100;3.033999189
SAT7026_181;0.13;15672.93;23.25;100;2.50062519
TSAT_MLU_560262_103;0.01;22666;32.62;99.99;1.855909282
TTUN_MLB_510801_101;0;13653.6;21.44;100;2.861440477
TTUN_MLB_510805_101;0.01;20516.89;23.76;100;2.518733042
TTUN_MLB_510805_103;0.01;9647.22;69.01;100;2.84544748
TTUN_MLE_520545_101;0;20057.48;34.65;100;2.577947065
TUN0002_153;0;6745.18;36.68;100;2.728540475
TUN0010_152;0.05;5089.25;89.11;100;2.6621357
TUN0013_153;0.05;4154.58;83.59;100;2.729144557
ANT0064_151;0.07;10990.91;33.8;100;2.610272516
ARA0002_153;0.06;10666.68;64.38;100;2.258307474
ARA0007_152;0.08;2051.62;94.8;99.96;2.606166315
ARA0007_153;0.02;4460.39;71.22;100;2.626931372
ARA0007_202;0.3;2270.16;92.13;99.95;2.353062255
ARA0010_151;0.03;3381.18;75.78;99.98;2.945620016
ARA0010_153;0.1;6821.36;49.19;100;2.894722853
ARA0011_153;0.04;5227.98;59.83;100;2.737922746
BOY0001_152;0.07;2258.84;94.88;100;2.82960823
BOY0001_202;0.02;9343.42;71.62;100;2.508231437
BOY0002_151;0.06;2345.76;89.96;100;2.46657232
BOY0002_153;0.32;15461.37;20.98;100;2.23171374
BOY0003_151;0.05;11041.25;78.77;100;2.384164065
BOY0003_152;0.1;4140.18;81.71;100;2.74442039
BOY0013_153;0.05;1988.36;96.04;100;2.647749461
BOY0020_152;0.05;9580.86;69.34;100;2.400875329
BOY0021_151;0;12623.72;46.95;100;2.037535921
BOY0026_153;0.03;16170.47;30.54;100;2.363006309
BOY0026_184;0.06;2831.9;77.75;100;2.915945631
BOY0028_152;0.09;3358.57;91.81;100;2.781126322
BOY0029_153;0.09;1844.37;92.89;99.91;2.792695123
BOY0030_151;0.24;3869.87;79.21;99.6;2.758998756
BOY0033_153;0.06;5791.17;69.57;100;2.559320753
BOY0033_184;0;4591.74;78;100;2.446296217
BOY0037_153;0.11;9822.06;67.32;100;2.520347906
BOY0038_152;0.02;7399.51;71.48;100;2.616746918
BOY0038_153;0.08;6604.12;59.94;99.98;2.649236618
BOY0043_153;0.03;9004.66;70.72;100;2.472403627
BOY0044_151;0.07;11839.46;60.25;100;2.51733404
BOY0044_202;0.01;1753.84;98.96;100;2.360802056
BOY0047_153;0.07;6445.68;81.24;100;2.271937012
BOY0048_152;0;14165.64;16.78;100;2.881833439
BOY0051_152;0;12351.26;37.03;100;2.802207828
BOY0054_153;0.01;7457.48;64.31;100;2.467677729
BOY0057_151;0.01;12481.22;71.04;100;2.17614776
BOY0057_153;0.04;25302.49;15.96;100;2.168453289
BOY0059_152;0.22;3493.23;80.61;99.55;2.766057074
BOY0059_203;0.19;3951.37;84.71;99.82;2.163981522
BOY0060_202;0.04;8710.4;87.05;99.93;2.13709033
BOY0061_153;0;16961.79;25.77;100;2.380365225
BOY0061_201;0.03;17890.44;53.36;100;2.260390024
BOY0064_203;0.04;6588.26;90.15;100;2.319552796
BOY0065_152;0.05;4173.83;96.15;100;2.411173342
BOY0066_152;0;3550.27;70.13;100;2.697239689
BOY0066_153;0.1;5803.12;32.04;100;2.597969345
BOY0071_151;0.45;11410.77;61.74;100;2.538557476
BOY0096_153;0.03;6267.26;83.31;100;2.326305188
BOY0102_151;0.37;11334.73;64.88;100;2.20663828
BOY0102_152;0.04;21828.64;41.54;100;2.154718745
BOY0103_152;0;51968.91;10.24;100;2.151282341
BOY0103_153;0.02;25792;23.87;100;2.185638528
BOY0108_152;0;5494.77;70.18;100;2.246692594
BOY0109_151;0.25;7744.03;63.71;99.83;2.453971279
BOY7005_182;0;14837.52;4.98;100;2.072503283
BOY7009_181;0;22933.52;3.4;99.39;2.164498345
BOY7030_182;0.37;1327.47;92.62;100;2.410040362
BOY7030_183;0.23;979.6;91.02;100;2.637928007
BOY7037_181;0.26;5316.52;70.43;100;2.766170344
BUC0002_151;0.36;1347.32;97.14;100;2.809832819
BUC0002_153;0.32;4964.66;85.44;100;2.815238855
BUC0002_201;0.08;5601.52;84.59;100;2.23585262
BUC0010_152;0.1;3410.4;92.76;100;2.729154266
BUC0019_153;0.1;7915.7;50.36;100;3.049309062
BUC0020_153;0.05;4127.33;83.82;100;2.926270519
BUC0024_152;0.14;6306.88;55.07;100;3.082363429
BUC0030_153;0.05;5192.44;94.64;100;2.647670741
BUC0030_202;0.06;5646.45;95.75;100;2.147748617
BUC0035_152;0.06;9257.59;65.2;100;2.617574656
BUC0039_151;0.05;6166.6;76.85;100;2.788231259
BUC0041_201;0.06;7210.37;74.97;99.97;2.304852259
BUC0046_152;0.01;17416.64;45.26;100;2.302402762
BUC0050_152;0.29;8081.58;55.15;100;2.984478792
BUC0051_152;0.04;3232.15;94.8;100;2.804349522
BUC0052_153;0;6822.8;75.19;100;2.584131805
BUC0053_201;0.06;1878.51;95.78;100;2.578370879
BUC0062_151;0.03;11901.67;37.48;100;2.353164026
BUC0073_151;0.32;2906.91;95.08;99.87;2.536074974
BUC0075_202;0.04;7634.16;75.81;100;2.426869923
BUC0082_202;0.04;6990.37;61.38;100;2.384181721
BUC0088_151;0;15498.97;35.67;100;2.413297454
BUC0092_152;0.02;8718.69;69.49;100;2.663488241
BUC0100_151;0.03;4732.31;77.72;100;3.013916452
BUC0110_152;0.1;10950.97;55.64;100;2.931000664
BUC0110_153;0.12;12703.66;52.19;100;2.677775681
BUC0114_201;0.03;3197.81;96.31;100;2.234979808
BUC0120_201;0.05;9667.94;44.9;100;2.242073213
BUC0124_203;0.01;8235.25;63.81;100;2.181714517
BUC0128_152;0.19;1650.65;98.86;100;3.070650966
BUC0131_151;0.04;16013.21;29.41;100;2.3428949
BUC0131_153;0.07;13638.9;18.86;100;2.557206367
BUC0135_151;0.1;5845.1;76.3;100;2.870535821
BUC0139_152;0;11100.9;15.55;100;2.810775768
BUC0139_202;0;16142.01;40.33;100;2.132220162
BUC0145_203;0.03;16992.27;51.75;100;2.18799295
BUC0167_201;0.04;5881.76;67.66;100;2.486291474
BUC0179_151;0;13110.83;27.09;100;2.303806527
BUC0184_203;0.01;12499.63;68.32;100;2.187344789
BUC0189_151;0.02;15465.48;44.93;100;2.86001906
BUC0192_203;0.03;10791.09;61.6;100;2.148701354
BUC0197_151;0.1;6033.63;67.28;100;2.955105863
BUC0202_152;0.13;6228.04;49.76;100;2.798222241
BUC0203_152;0.06;5342.76;80.61;100;2.719466948
CES0018_151;0.3;13625.27;63.36;99.97;2.239646316
CES0018_152;0.08;9818.9;18.18;100;2.58507637
CES0018_153;0.12;15829;35.46;100;2.357974882
CES0019_151;0.09;8831.19;51.32;99.98;2.573956157
CES0020_152;0.65;17134.05;15.7;99.96;2.469365661
CES0022_151;0.04;4389.24;83.12;100;2.422767402
CES0023_151;0.21;12273.61;44.77;100;2.567522664
CES0038_151;0.09;6832.28;75.71;99.98;2.418716008
CES0039_154;0.01;12133.52;74.03;100;2.290738928
CES0040_152;0.02;15658.4;52.22;99.99;2.282481575
CES0043_151;0.39;5628.61;68.99;99.98;2.991406949
CES0043_153;0.23;6589.28;68.71;99.97;2.636389097
CUC0001_153;0.27;5060.43;76;100;3.393243329
CUC0003_151;0.05;3735.01;91.43;100;2.451893101
CUC0003_153;0.06;9666.14;47.97;100;2.38463896
CUC0004_151;0.03;22233.81;29.26;100;2.297895438
CUC0004_152;0;10530.23;41.31;100;2.392435625
CUC0005_152;0.02;4048.9;89.18;100;2.816900882
CUC0006_153;0.11;11566.58;44.61;99.94;2.887148996
CUC0006_203;0.1;10933.22;41.43;100;2.780526506
CUC0016_203;0.01;4350.33;97.5;100;2.278627131
CUC0021_152;0.01;12625.37;56.65;100;2.714917295
CUC0021_202;0.02;20514.91;55.88;100;2.140636837
CUC0025_153;0.11;4519.58;88.94;100;2.699317553
CUC0027_151;0.05;2887.49;97.63;100;2.419493082
CUC0028_203;0.05;12083.95;30.31;100;2.531700544
CUC0032_152;0.19;5094.96;75.32;100;3.286336562
CUC0032_153;0.06;6089.56;63.52;100;2.670563356
CUC0047_152;0.19;8278.92;53.63;100;2.813120025
CUC0053_151;0.01;2339.92;96.63;100;2.834247531
CUC0054_151;0.03;1808.17;89.1;100;2.775869034
CUC0054_153;0.07;3073.34;83.5;100;2.738131786
CUC0060_203;0;9517.51;59.79;100;2.147514533
CUC0061_153;0.06;16757.85;22.48;100;2.602292756
CUC0073_202;0.03;1268.3;97.45;100;2.033865783
CUC0077_201;0.02;7168.25;65.94;100;2.251087667
CUC0096_152;0.31;2736.44;68.16;100;3.496565633
CUN0061_151;0.21;7495.14;72.67;99.99;2.324786203
CUN0061_153;0.09;10807.56;64.94;99.96;2.215087366
CUN0150_151;0.4;3799.79;80.94;99.63;2.645846581
CUN0190_203;0.78;9056.54;35.32;99.88;2.316753679
NST0007_201;0;13159.09;61.58;100;2.068427362
NST0007_202;0;19688.53;21.42;100;2.118844658
NST0014_151;0.12;8553.42;50.6;100;2.454129091
NST0015_153;0.19;1899.88;91.32;100;2.883857509
NST0017_201;0.07;15161.23;74.48;99.99;2.188341476
NST0017_203;0.03;11873.92;67.03;100;2.287578941
NST0023_152;0.04;2051.66;96.67;100;2.907684812
NST0025_152;0.02;4125.17;91.8;100;2.864458551
NST0026_151;0.05;5420.68;73.67;99.98;2.730222757
NST0026_152;0.19;10321.22;57.5;100;2.558571237
NST0029_151;0.07;5609.63;74.65;100;2.514811132
NST0029_152;0.05;3096.73;94.09;100;2.308564109
NST0030_203;0.11;1952.9;99.09;99.98;2.509767909
NST0036_151;0.04;22511.62;22.57;100;2.230800726
NST0037_151;0.02;9949.31;62.68;99.94;2.131994512
NST0039_153;0;8457.5;26.92;100;2.93855113
NST0040_152;0.6;12394.26;22.13;100;2.583100966
NST0041_152;0.01;7879.54;52.47;100;2.749865015
NST0052_152;0.12;15180.32;42.52;100;2.174669244
NST0052_153;0.15;10468.65;54.5;100;2.272303486
NST0059_152;0.13;4456.46;82.61;100;2.332135892
NST0060_153;0.04;4626.86;28.91;100;3.125020563
NST0062_151;0.09;19037.06;26.97;100;2.316496988
NST0062_152;0.13;11619.69;34.14;100;2.604375255
NST0084_152;0.04;5532.86;58;100;3.0631516
NST0086_152;0.02;4971.71;78.32;100;2.846503367
NST0086_201;0.01;14263.03;34.34;100;2.210315378
SAT0005_154;0.01;2366.41;98.34;100;2.576787148
SAT0007_152;0.14;2978.54;98.24;100;2.445336387
SAT0007_153;0.13;4022.61;82.49;100;3.008917361
SAT0007_201;0.04;10375.7;78.57;100;2.076837011
SAT0008_152;0.04;5222.01;76.28;100;2.649205821
SAT0011_152;0.08;2393.2;93.21;100;3.057288592
SAT0012_153;0.03;4518.53;62.49;99.99;2.593549953
SAT0013_151;0.12;2219.19;95.59;100;2.532772305
SAT0013_152;0.28;8437.37;51.84;100;2.706090514
SAT0014_152;0.04;5460.9;77.6;100;2.640348776
SAT0014_153;0.01;10541.97;40.01;100;2.391800264
SAT0015_151;0.09;4507.34;80.33;100;2.467271116
SAT0021_153;0.62;6273.15;71.56;97.35;2.426348554
SAT0022_151;0.02;9241.61;45.81;100;2.693203245
SAT0034_153;0.03;2167.97;98.73;100;2.672072251
SAT0036_151;0.08;1986.93;96.61;100;2.773828308
SAT0036_202;0.07;8657.19;50.72;100;2.346222987
SAT0039_203;0;4192.92;87.93;100;2.339710686
SAT0040_151;0.3;18133.9;22.16;100;2.371712346
SAT0041_152;0.08;3878.97;86.52;100;2.883294102
SAT0041_153;0.14;4304.38;69.49;100;3.059892959
SAT0042_153;0.82;1061.55;97.5;97.21;2.79749699
SAT0044_151;0.34;3159.46;97.22;99.97;2.494648065
SAT0045_153;0.12;2247.18;97.63;100;2.497761756
SAT0049_152;0.05;9227.8;65.1;100;2.467505893
SAT0050_153;0.12;7238.14;51.27;100;3.036043648
SAT0055_151;0.07;3143.44;87.09;100;3.401475346
SAT0056_152;0.16;7959.19;81.84;99.84;2.204762805
SAT0056_153;0.23;8350.48;59.32;99.84;2.561136853
SAT0057_152;0.19;13057.73;29.34;100;2.400489861
SAT0061_153;0.08;12610.39;74.83;99.83;2.176831892
SAT0062_151;0.3;1168.57;96.63;100;3.121080139
SAT0062_153;0.14;1861.52;97.83;99.99;2.598180266
SAT0062_203;0.36;7759.34;68.6;100;2.202543013
SAT0063_152;0.39;6776.87;64.11;100;2.57726104
SAT0063_153;0.11;10517.96;56.83;100;2.286337808
SAT0064_151;0.03;7412.66;72.81;100;2.349193922
SAT0064_153;0.11;4897.51;87.82;100;2.461425122
SAT0066_151;0.17;6657.2;69.2;100;2.717256388
SAT0066_152;0.42;4733.07;78.49;100;2.732115846
SAT0066_153;0.1;14750.08;43.66;100;2.463934534
SAT0067_151;0.16;9410.85;43.5;100;2.565069621
SAT0068_152;0.12;5773.59;71.96;100;2.687425186
SAT0069_151;0.35;4926.49;77.36;100;2.700847687
SAT0072_153;0.01;16266.93;48.16;100;2.220076873
SAT0074_203;0.07;2650.86;98.51;99.92;2.318014214
SAT0075_152;0.01;6346.4;82.51;100;2.3380209
SAT0075_153;0.23;12037.45;37.12;100;2.50967571
SAT0076_153;0.05;1556.32;97.67;99.83;2.347044948
SAT0080_151;0.09;10019.26;68.08;99.99;2.690138588
SAT0080_153;0.52;1473.12;98.68;100;2.666378777
SAT0081_151;0.5;6317.78;52.72;98.54;2.730309759
SAT0081_153;0.46;13641.96;27.25;98.79;2.425325917
SAT0085_151;0.47;8061.17;49.82;100;2.715002293
SAT0085_153;0.02;9484.66;73.92;100;2.394924949
SAT0086_151;0.16;4634.8;84.13;100;2.866323907
SAT0086_152;0.14;2157.4;97.28;100;2.585514776
SAT0088_151;0.07;6395.04;82.7;100;2.351111383
SAT0089_152;0.05;4760.12;84.3;100;2.233427439
SAT0091_152;0.12;3017.61;89.47;99.99;2.903954588
SAT0099_151;0.05;7887.9;71.14;100;2.620721082
SAT0111_152;0.03;2853.44;90.36;99.99;2.332578855
SAT0111_201;0.02;19648.32;51.85;99.99;2.049670095
SAT0114_151;0.15;1390.77;96.02;100;3.03328735
SAT0114_152;0.41;1003.4;97.96;100;3.255734599
SAT0114_153;0.42;5661.92;54.89;100;2.401856893
SAT0117_153;0.05;8097.22;70.27;100;2.53879082
SAT0137_151;0.02;20843.46;28.78;100;2.302039423
SAT0141_201;0.01;11045.2;60.09;100;2.859899139
SAT0150_151;0;15679.94;17.36;100;2.186559474
SAT0165_152;0;8617.59;75.57;100;2.473653614
SAT0165_153;0.01;9335.84;62.96;100;2.478672609
SAT0168_153;1.35;11974.76;35.95;85.9;2.454645344
SAT0190_152;0.06;6519.99;77.6;100;2.929578413
SAT0190_202;0.06;4865.91;90.81;100;2.410096887
SAT0206_151;0.11;2636.64;92.07;100;2.942601987
SAT0209_153;0.01;12023.06;37.47;100;2.464374193
SAT7001_181;0.43;11027.88;47.46;100;2.477625787
SAT7002_181;0.47;4375.54;95.11;100;2.403319947
SAT7005_181;0.53;1078.37;95.18;100;2.356437598
SAT7006_181;0.08;4666.34;75.5;100;2.389258231
SAT7007_181;0.25;4183.2;88.3;100;2.426877248
SAT7017_182;0.51;10220.87;9.05;100;2.730892815
SAT7025_182;0;26030.98;5.8;100;2.134284197
TBOY_MLB_510164_103;0;28419.3;15.7;100;2.427464771
TBOY_MLB_510229_102;0.02;3177.13;95.05;100;2.696500793
TBOY_MLB_510244_102;0.01;3070.01;93.01;100;3.238042664
TBOY_MLB_510719_102;0.01;12986.34;53.94;100;2.40465852
TBOY_MLE_520015_101;0.17;27210.97;23.47;99.46;2.102032379
TBOY_MLE_520591_101;0.03;14587.46;50.55;99.53;2.23117156
TCES_MLU_560258_102;0.01;12652.3;61.23;100;2.16244263
TSAT_MLU_560072_101;0.11;18145.34;23.4;99.87;2.52811489
TSAT_MLU_560169_101;0.02;27776.23;26.76;99.99;1.823333662
TSAT_MLU_560169_103;0.04;29686.95;27.92;99.98;1.732215943
TSAT_MLU_560457_101;0.02;8917.38;73.92;99.98;2.010143876
TTUN_MLB_510167_101;0.15;10639.12;43.73;100;3.125819483
TTUN_MLB_510240_101;0.02;13625.52;64.35;100;2.440313393
TTUN_MLB_510246_103;0.03;4075.51;91.4;100;2.981053732
TTUN_MLB_510247_103;0.01;8503.72;86.11;100;2.643189825
TTUN_MLB_510612_102;0;8919.79;56.86;100;3.128489054
TTUN_MLE_520545_103;0;19885.33;16.55;100;2.694947454
TTUN_MLE_520605_102;0;6703.09;82;100;2.425979113
TTUN_MLE_520637_103;0;13782.85;26.5;100;2.813263522
TTUN_MLU_520611_102;0;6503.41;79.04;100;2.470902967
TUN0005_153;0;7295.56;30.32;100;2.431540252
TUN0008_151;0.02;7411.17;53.11;100;2.535948611
TUN0008_153;0.04;6826.56;85.18;100;2.47349669
TUN0009_153;0.01;2773.74;95.15;100;2.95485681
TUN0011_201;0;15635.73;64.81;100;2.072673671
TUN0012_151;0;8485.12;64.53;100;2.413111634
TUN0012_152;0.02;5551.06;67.75;100;2.233484301
TUN0015_151;0.02;5681.51;51.88;100;2.602010415
TUN0017_203;0.03;17756.14;45.95;100;2.100210294
TUN0020_151;0;9104.15;39.53;100;2.336074239
TUN0025_152;0;7233.03;34.85;100;2.481002015
TUN0025_153;0;6724.56;47.11;100;2.532210936
ARA0003_153;0.02;9378.87;62.75;100;2.342106665
ARA0007_201;0.06;3350.53;90.53;99.99;2.314746286
ARA0010_202;0.03;12248.89;43.45;100;1.589333418
ARA0016_152;0.04;4736.11;59.27;100;2.409195722
BOL0030_151;0.02;6620.9;73.45;100;2.223060704
BOL0030_152;0.04;3344.59;87.58;100;2.236107791
BOL0053_151;0.03;4909.6;88.05;100;2.112698274
BOL0053_152;0.43;8114.65;31.13;99.9;3.145553874
BOY0001_203;0.03;7599.69;84.09;100;2.109906832
BOY0003_153;0.01;18692.42;62.06;100;2.111884257
BOY0006_203;0;20605.65;29.82;100;1.21462955
BOY0007_151;0;5736.91;63.59;100;2.46653996
BOY0010_153;0.01;3758.76;97.47;100;2.397678598
BOY0011_202;0.13;15070.09;73.97;100;2.064414507
BOY0012_152;0.03;2069.81;99.01;100;2.240067982
BOY0013_152;0;11083.71;40.09;100;2.108823298
BOY0017_153;0.59;7922.32;51.78;98.83;2.41534136
BOY0017_202;0.25;20335.11;29.61;98.08;2.134447193
BOY0027_152;0;25982;24.01;100;2.186031507
BOY0029_151;0.16;1688.15;96.13;100;2.686652991
BOY0032_151;0.13;6349.79;60.94;99.98;3.232918001
BOY0033_151;0;7917.75;66.28;100;2.570813637
BOY0035_201;0.67;8245.19;48.8;98.25;1.74663026
BOY0039_151;0.07;5957.23;62.38;100;3.00124626
BOY0044_153;0;15288.88;45.54;100;2.540306403
BOY0044_203;0;10438.57;65.23;100;2.35023019
BOY0045_151;0.05;3532.98;85.43;100;2.616008884
BOY0047_152;0.02;21146.22;33.44;100;2.13966491
BOY0048_151;0.02;20537.84;57.84;100;2.107551814
BOY0049_151;0.17;17703.47;30.92;100;2.435259725
BOY0049_152;0.02;12324.35;56.27;100;2.299379554
BOY0049_153;0.03;10851.58;42.15;100;2.726588677
BOY0054_151;0.01;2461.17;98.52;100;2.526440761
BOY0054_152;0.05;4203.79;90.78;99.99;2.328677399
BOY0058_153;0.16;4130.1;69.79;99.98;2.95703761
BOY0060_201;0.06;7716.3;79.94;99.88;2.293178101
BOY0061_202;0;16995.02;53.19;100;2.219772321
BOY0064_152;0.08;3415.43;70.31;100;3.405563037
BOY0064_201;0.25;4043.74;94.48;100;2.51476811
BOY0070_151;0.76;15405.27;21.04;100;2.598091982
BOY0071_153;0.16;14246.01;22.96;100;2.322750244
BOY0074_151;0.14;4497.99;88.59;99.71;2.82416448
BOY0074_202;0.05;5203.47;94.73;99.62;2.263466595
BOY0074_203;0.02;11074.64;76.84;99.54;2.12387804
BOY0080_152;0.04;15630.68;45.88;100;2.315927629
BOY0081_153;0.06;5502;73.59;100;2.851788302
BOY0090_152;0.02;3215.11;95.06;100;2.327286796
BOY0090_153;0.01;9197.47;74.73;100;2.344345228
BOY0096_152;0;7726.79;43.65;100;2.576953869
BOY0105_152;0.06;12541.14;54.52;100;2.664266704
BOY0105_153;0;16671.36;29.78;100;2.449579964
BOY0105_203;0;12142.99;47.52;100;2.207385616
BOY0108_151;0;6303.3;43.93;100;2.272604243
BOY7012_183;0.13;1591.63;90.82;100;2.709583722
BUC0011_153;0.02;9370.65;61.92;100;2.613515775
BUC0014_203;0.02;9120.64;74.75;100;2.354753859
BUC0018_151;0.1;1806.19;98.82;100;2.671671117
BUC0021_202;0.04;5515.01;94.92;100;2.254673907
BUC0021_203;0.01;11083.11;85.27;100;2.17321495
BUC0025_152;0.06;3841.79;96.71;100;2.623267719
BUC0030_151;0.06;11844.63;55.96;100;2.561226077
BUC0030_152;0.09;3187.9;98.99;100;2.349649589
BUC0039_153;0.03;7692.78;72.67;100;2.653113788
BUC0040_151;0.1;5435.48;89.57;100;2.865998819
BUC0041_202;0.03;4984.05;89.6;100;2.329113647
BUC0041_203;0.01;3009.26;99.43;100;2.269750617
BUC0042_202;0.05;1033.36;97.58;99.86;2.785428852
BUC0043_201;0.02;27196.4;13.17;100;2.025679425
BUC0047_151;0.04;7472.42;83.2;100;2.492679176
BUC0050_151;0.03;4906.29;80.55;100;2.755763315
BUC0050_153;0.03;4235.82;92.73;100;2.644607478
BUC0052_151;0.11;2150.47;96.98;100;2.87731852
BUC0054_153;0.53;9756.99;55.1;100;2.729094378
BUC0060_201;0.05;4903.46;91.25;100;2.261649378
BUC0062_201;0;23001.14;30.25;100;2.286565891
BUC0062_202;0.01;15640.54;40.82;100;2.719101802
BUC0062_203;0.03;8892.01;80.12;100;2.410329054
BUC0073_153;0.33;3983.1;83.24;99.17;2.774693919
BUC0075_151;0.01;10565.07;39.44;100;3.103999691
BUC0083_151;0.03;5651.41;89.37;100;2.351482894
BUC0083_153;0.02;1679.31;99.38;100;3.007516121
BUC0083_203;0.02;3027.85;97.27;100;2.413929395
BUC0093_203;0.01;15509.02;42.29;100;2.153051959
BUC0104_151;0.2;7268.43;58.53;99.68;2.361310379
BUC0110_203;0;9813.59;61.24;100;2.253687816
BUC0123_202;0.03;6658.7;68.3;100;2.151352857
BUC0125_153;0.21;5411.56;39.57;100;2.885106064
BUC0136_202;0;7358.18;29.64;100;2.362673269
BUC0136_203;0.04;7162.8;93.99;100;2.105645048
BUC0137_202;0.01;4748.73;83.2;100;2.289047105
BUC0148_201;0.03;8710.58;83.67;100;2.206263039
BUC0148_203;0.02;13752.79;66.77;100;2.209090904
BUC0150_203;0.01;10033.25;66.99;100;2.237218396
BUC0165_151;0.08;5596.58;68.57;100;2.83307034
BUC0165_153;0.04;5353.22;67.24;100;2.819618686
BUC0166_201;0.02;13901.47;74.66;100;2.118905345
BUC0166_202;0.1;19043.92;21.2;100;2.123788292
BUC0184_153;0.06;10111.61;58.4;100;2.730608919
BUC0186_151;0.02;9307.99;56.66;100;2.616012628
BUC0198_152;0.09;1583.32;98.97;100;2.681278987
BUC0198_153;0.05;3117.14;96.06;99.99;2.507359897
BUC0203_153;0.04;11286.2;47.07;100;2.235491206
BUC0209_151;0.05;6102.79;88.46;100;2.555653616
CES0020_151;0.15;14559.49;35.55;100;2.381151039
CES0041_151;0.4;9619.49;7.34;100;2.429570811
CES0047_152;0.06;15930.27;57.16;99.98;2.174060788
CES0070_151;0.01;12010.03;52.64;100;2.178984004
CES0070_153;0.01;9428.92;54.65;100;2.404868682
CUC0001_203;0.01;11821.12;66.57;100;2.154541827
CUC0005_202;0;5304.65;87.65;100;2.433262706
CUC0006_151;0.09;13657.19;49.59;100;2.508142196
CUC0006_152;0.05;7715.56;82.06;100;2.637106163
CUC0007_203;0.1;3412.59;95.85;100;2.211669729
CUC0012_151;0.11;7161.72;68.85;100;2.879061692
CUC0014_151;0.13;6910.34;73.38;100;2.82888988
CUC0014_153;0.07;4727.15;93.66;100;2.502646426
CUC0014_202;0.02;15138.21;64.79;100;2.188653857
CUC0017_201;0.01;5139.49;96.7;100;2.176261365
CUC0017_203;0.02;4615.82;97.76;100;2.199528989
CUC0022_153;0.07;7615.62;84.03;100;2.464828181
CUC0024_151;0;3461.63;97.47;100;2.434867634
CUC0025_151;0.01;7384.77;77.78;100;2.443429524
CUC0025_152;0.04;3584.84;97.66;100;2.385037681
CUC0027_153;0.09;3856.1;82.73;100;2.713632521
CUC0032_203;0.01;9062.66;58.35;100;2.57995597
CUC0039_152;0.02;6934.06;84.99;100;2.275468878
CUC0041_202;0.01;21158.18;52.85;100;2.159778754
CUC0042_201;0.02;14807.63;70.66;100;2.102937318
CUC0043_151;0.08;9357.85;76.78;100;2.738555328
CUC0043_152;0.94;11676.79;39.09;100;2.46100927
CUC0043_201;0.03;8797.51;76.69;100;2.276264575
CUC0045_151;0.09;3189.81;98.54;100;2.822532353
CUC0045_152;0.12;5683.23;92.17;100;2.303658151
CUC0045_201;0.02;2947.79;98.66;100;2.261792756
CUC0049_151;0;13539.88;32.5;100;2.870176553
CUC0049_202;0.02;15961.25;45.45;100;2.327579674
CUC0050_153;0.07;2379.41;96.58;100;2.585181106
CUC0050_203;0.01;15177.69;65.19;100;2.099495985
CUC0053_153;0.01;5848.17;73.77;100;2.577223537
CUC0054_152;0.04;4856.75;77.96;100;2.335317068
CUC0055_152;1.18;4146.71;77.74;95.21;2.767395908
CUC0055_153;1.17;2766.86;95.03;95.25;2.33810446
CUC0058_152;0.01;2613.17;99.17;100;2.326857944
CUC0058_153;0.05;1967.83;98.89;100;2.402526104
CUC0060_202;0.01;8883.44;72.26;100;2.109476183
CUC0061_203;0.02;16685.59;47.35;100;2.188500076
CUC0062_152;0.1;13396.01;34;100;2.265515375
CUC0062_201;0.01;11238.94;51.21;100;2.185114415
CUC0068_201;0.01;8224.1;61.01;100;2.26008719
CUC0070_151;0;8525.19;56.8;100;2.497995805
CUC0070_152;0;4583.16;77.63;100;2.463907095
CUC0074_202;0.01;5190.25;62.98;100;2.616205606
CUC0074_203;0.01;6485.08;73.79;100;2.389135838
CUC0083_201;0.05;7762.67;70.03;100;2.207253918
CUC0089_152;0.04;6336.89;70.24;100;2.709713785
CUN0112_152;0.06;8726.05;69.52;100;2.212604008
CUN0150_153;0.1;2562.76;97.19;99.97;2.366930276
CUN0190_202;0.05;9817.14;31.56;99.95;2.165529933
NST0001_152;0.06;3448.09;88.92;100;2.36927678
NST0007_203;0;15299.43;44.45;100;2.097645841
NST0009_151;0;6101.03;59.38;100;2.335812679
NST0011_151;0.03;3903.09;75.24;100;2.470180259
NST0012_152;0.87;3844.03;90.41;97.61;2.457098449
NST0015_151;0.06;4280.9;82.27;100;2.563045909
NST0016_151;0.27;14774.12;59.97;99.97;2.632935358
NST0016_152;0.04;25962.76;49.65;100;2.103087345
NST0022_151;0.04;4739.12;92.31;100;2.459271126
NST0022_203;0.03;3829.08;97.43;100;2.316708289
NST0023_151;0.08;1896.41;97.71;100;2.713245677
NST0024_151;0.02;17740.99;26.29;100;2.273637488
NST0024_152;0.06;4493.76;84.21;100;2.364247172
NST0024_153;0;8994.7;54.57;100;2.376674617
NST0025_153;0.03;6732.1;83.46;100;2.577330851
NST0025_201;0.07;2308.43;99.13;100;2.343293174
NST0025_203;0.04;3889.13;92.27;100;2.274850436
NST0030_151;0.06;1654.36;97.94;100;2.468895701
NST0030_152;0.11;1565.91;97.78;99.99;2.57577719
NST0030_153;0.2;1577.33;97.57;99.99;2.68739064
NST0031_152;0.12;13298.29;66.36;100;2.244417192
NST0035_153;0.21;34721.58;35.48;100;2.123044485
NST0036_152;0.02;7708.89;57.32;100;2.751960872
NST0037_152;0.01;2799.43;96.88;99.97;2.131844356
NST0038_152;0.07;2052.61;94.68;100;3.229097549
NST0038_153;0.03;2427.2;99.05;100;2.410077059
NST0038_202;0.05;1460.81;97.07;100;2.212258709
NST0052_151;0.14;1458.7;98.38;100;2.072068
NST0058_151;0.05;19489.95;36.89;100;2.225972661
NST0075_152;0.08;1502.08;99.5;99.99;2.552493446
NST0075_203;0.05;2158.07;99;100;1.692960023
NST0084_151;0;8807;34.52;100;2.663331627
NST0084_153;0.02;5778.68;71.18;100;2.778116716
NST0086_203;0.03;5732.37;61.59;100;2.457594494
SAT0002_151;0.06;2517.58;96.02;100;2.910179458
SAT0003_151;0.06;3589.24;86.69;100;2.937335021
SAT0004_151;0.04;15595.16;42.68;100;2.423551424
SAT0004_154;0.17;7356.06;63.29;100;2.584580287
SAT0005_203;0;29177.62;44.53;100;2.356085992
SAT0006_153;0.28;4570.73;82.58;100;2.913852919
SAT0007_151;0.02;2986.83;97.61;100;2.229517281
SAT0009_151;0.03;4103.11;90.8;100;2.43171628
SAT0009_201;0.03;2915.36;98.29;100;2.308199908
SAT0011_151;0.04;4694.82;81.67;100;2.425577769
SAT0019_151;0.03;8328.28;72.79;100;2.510329707
SAT0019_153;0.01;9193.56;71.59;100;2.257856789
SAT0023_152;0.06;4687.36;89.45;100;2.602279269
SAT0023_201;0.02;5787.83;97.31;100;2.16016506
SAT0023_202;0.03;4728.24;98.26;100;2.13824118
SAT0023_203;0.06;8100.44;80.74;100;2.151122226
SAT0024_151;0.05;3592.16;86.8;100;2.889639711
SAT0024_203;0.02;4338.38;98.7;100;2.259976914
SAT0035_151;0.09;4632.68;86.18;100;2.598195067
SAT0035_153;0.02;4177.32;92.11;100;2.734640287
SAT0039_202;0;2644.86;93.79;100;2.222997679
SAT0043_153;0.11;3034.27;88.15;100;2.762425824
SAT0043_154;0.03;1802.64;93.79;100;3.180789936
SAT0043_202;0.03;11054.48;82.18;99.98;2.236485724
SAT0045_151;0.02;4966.47;90.23;100;2.196144202
SAT0045_152;0.03;17815.05;39.11;100;2.233948456
SAT0049_151;0.04;5572.35;75.99;99.99;2.619490134
SAT0049_202;0.02;5911.03;81.29;100;2.088369917
SAT0051_151;0.03;7172.33;55.75;100;2.34634914
SAT0052_152;0.02;2624.32;94.22;100;2.305962667
SAT0057_153;0.14;4079.19;94.19;100;2.479202352
SAT0060_153;0.01;16634.62;28.98;100;2.258480994
SAT0061_151;0.01;13030.02;42.85;99.87;2.223650218
SAT0064_152;0.01;4578.69;92.39;100;2.22110496
SAT0067_154;0.15;10521.06;49.69;100;2.424871175
SAT0073_151;0;23780.26;6.58;100;2.152589554
SAT0074_151;0.02;4012.96;88.18;100;2.939647207
SAT0075_151;0.01;11557.74;51.72;100;2.374135723
SAT0075_202;0.03;14806.7;60.76;100;2.065647538
SAT0077_152;0.03;5771.8;72.62;99.98;2.412561938
SAT0077_153;0.15;8360.35;65.64;99.91;2.407563906
SAT0089_151;0.06;3853.66;92.64;100;2.434887885
SAT0091_151;0.01;2229.93;93.12;99.99;2.712634482
SAT0106_151;0.04;8149.32;78.9;100;2.253486743
SAT0106_201;0.01;19713.04;28.29;100;2.068859098
SAT0111_151;0.04;2950.21;93.96;100;2.226685967
SAT0112_202;0.02;7837.98;72.57;98;2.119193321
SAT0118_151;0.06;4982.73;76.74;99.97;3.170689806
SAT0118_202;0.04;5899.01;87.47;99.99;2.354098121
SAT0120_152;0.12;1051.4;97.7;100;2.709914542
SAT0122_151;0.02;6048.24;81.5;100;2.446652624
SAT0125_201;0.02;2693.07;98.33;100;2.233734686
SAT0135_202;0.64;15610.74;29.75;97.62;2.106201058
SAT0135_203;0.92;7172.24;60.37;97.87;2.23643374
SAT0137_152;0.01;37141.88;24.21;100;2.077991736
SAT0141_153;0.02;6074.95;81.95;100;2.60477652
SAT0155_151;0.04;1078.22;98.02;100;2.695870337
SAT0157_152;0.04;17272.9;26.97;100;2.379034907
SAT0157_153;0.01;7856.28;61.55;100;2.910695222
SAT0162_152;0.04;5244.25;79.88;100;2.544809097
SAT0167_152;0.09;2408.94;97.83;100;2.46879472
SAT0167_153;0.02;8968.02;76.72;100;2.495876759
SAT0169_151;0.02;4176.61;95.97;100;2.085600604
SAT0190_151;0.06;13311.03;22.22;100;2.6964783
SAT0190_201;0.06;17472;33.7;100;2.150707133
SAT0196_151;0;10202.83;56.68;100;2.440521167
SAT0197_202;0.02;3057.34;98.89;100;2.39513153
SAT0202_151;0.07;1724.94;98.96;100;2.205644357
SAT0202_152;0.04;7521.84;72.61;100;2.482895756
SAT0204_153;0.07;2012.62;98.21;100;2.407809289
SAT7025_183;0;17214.26;7.77;100;2.477984999
SAT7033_182;0.1;14102.21;8.58;100;2.55505978
TBOY_MLB_510244_101;0;2063.59;98.1;100;3.049391658
TBOY_MLB_510452_102;0.01;13682.97;47;100;2.664296797
TBOY_MLB_510718_101;0;19167.27;36.63;100;2.413748291
TBOY_MLB_510718_102;0.03;21066.65;49.11;100;2.324906273
TBOY_MLE_520015_103;0.02;29320.38;25.79;99.99;2.085766495
TBOY_MLE_520604_101;0;22619.91;19.47;100;2.149329162
TBOY_MLE_520604_102;0.03;23382.16;20.79;100;2.365814784
TCES_MLU_560258_101;0;15413.58;46.45;100;2.203722199
TSAT_MLU_560292_101;0.01;24595.36;33.2;99.95;1.723133075
TSAT_MLU_560457_103;0;9782.69;74.6;99.99;1.59069063
TTUN_MLB_510240_103;0.01;5325.78;92.97;100;2.571276164
TTUN_MLB_510247_101;0;8315.02;82.37;100;2.591035335
TTUN_MLB_510421_102;0.01;12035.92;62.73;100;2.504653991
TTUN_MLB_510517_101;0.01;22269.8;36.07;100;2.498078755
TTUN_MLB_510801_103;0.02;10491.78;27.99;100;3.275782952
TTUN_MLE_520545_102;0;14589.29;15.09;100;2.644848706
TTUN_MLE_520550_102;0.03;16709.76;27.61;99.97;2.51911634
TTUN_MLE_520551_101;0;8277.93;66.25;100;3.036864152
TTUN_MLE_520551_102;0.01;2072.29;98.01;100;3.045499238
TTUN_MLU_520611_103;0.02;18888.99;53.01;100;2.31302464
TUN0002_201;0;10338.23;38.06;100;2.206282064
TUN0003_153;0;7736.05;50.18;100;2.428207134
TUN0005_151;0.04;12423.22;54.46;100;2.293862089
TUN0005_152;0.02;4219.36;60.86;100;2.619487747
TUN0006_153;0.04;4482.78;94.07;100;2.494912947
TUN0007_152;0.02;13210.81;39.77;100;2.380628141
TUN0008_152;0.1;7555.44;52.69;100;2.84673926
TUN0009_152;0.03;3837.91;95.98;99.99;2.41456239
TUN0010_151;0.01;5009.09;78.32;100;2.699995118
TUN0012_153;0;14436.11;56.59;100;2.231916699
TUN0015_153;0;7079.47;67.26;100;2.194825008
TUN0023_151;0.01;4772.32;71.21;100;2.743756076
TUN0025_151;0.05;10037.67;36.14;100;2.500965419
ANT1072_153;0.03;6675.66;89.31;100;2.171016729
ANT1072_203;0.01;7417.47;92.74;100;2.097482765
ARA0008_153;0.04;19492.3;59.01;100;2.26614115
ARA0010_152;0.03;1284.25;98.63;100;2.404317827
BOL0057_153;0.01;23659.39;52.56;100;2.080769919
BOY0011_201;0;8216.2;82.31;100;2.173468359
BOY0013_151;0.02;9455.63;79.67;100;2.441654667
BOY0014_152;0;11771.95;51.71;100;2.423049177
BOY0015_152;0;14742.91;9.29;100;2.643031961
BOY0016_153;0;9164.18;43.44;100;2.76696329
BOY0020_151;0.07;1495.51;97.34;100;3.332836409
BOY0032_152;0.02;14426.36;60.45;100;2.246425854
BOY0034_151;0.01;23529.79;50.45;100;2.172911018
BOY0058_152;0.04;7288.55;50.81;100;2.866590178
BOY0060_151;0;8796.61;18.6;100;2.320497231
BOY0063_151;0.01;4343.76;85.87;100;2.589384308
BOY0090_151;0.01;2837.19;97.04;100;2.657986452
BOY0109_153;0;2446.13;91.3;100;2.514913289
BOY7032_182;0;35374.65;2.21;100;2.031643774
BUC0005_152;0.07;5464.14;61.56;100;2.739372254
BUC0013_151;0;12600.49;15.72;100;2.56886613
BUC0013_153;0.02;4121.57;90.29;100;2.709545975
BUC0014_153;0;20192.64;62.67;100;2.348416607
BUC0014_201;0.01;10699.98;71.46;100;2.26946853
BUC0018_152;0.04;3650.74;95.87;100;2.60777214
BUC0019_151;0.03;4087.38;93.71;100;2.846651289
BUC0020_152;0;2553.79;98.78;100;2.596094525
BUC0028_153;0.03;16074.82;75.8;100;2.393031975
BUC0035_153;0.44;2371.77;95.69;100;2.799304027
BUC0046_153;0.04;2532.73;99.04;100;2.506559421
BUC0052_152;0.02;6050;78.72;100;2.520568485
BUC0053_153;0;3315.85;90.5;100;2.606661251
BUC0062_153;0;15128.02;24.57;100;3.090772593
BUC0069_203;0;21122.58;47.12;100;2.21310575
BUC0073_152;0.16;1732.92;97.21;100;2.880583565
BUC0075_152;0.13;2742.34;95.22;100;3.162885417
BUC0080_151;0.06;10457.44;59.18;100;2.776715765
BUC0082_201;0.03;10146.38;74.15;100;2.221297569
BUC0087_152;0.01;11794.2;60.73;100;2.397561493
BUC0100_152;0.04;2429.97;96.37;100;2.72051121
BUC0108_203;0;10976.3;57.79;100;2.127052463
BUC0114_203;0.02;4559.85;73.66;100;2.281086663
BUC0123_203;0;14596.39;22.79;100;2.142806008
BUC0128_153;0.18;2293.77;97.76;100;2.689200748
BUC0128_202;0.03;3199.36;99.09;100;2.261028335
BUC0130_151;0.06;5159.78;85.35;100;2.504667831
BUC0130_152;0;1618.66;90.8;99.99;2.819499639
BUC0131_152;0;13820.97;7.76;100;1.833363444
BUC0134_153;0.05;4566.02;64.96;100;3.300776811
BUC0147_151;0.02;1658.53;99.07;100;3.097462091
BUC0147_152;0;14866.31;35.5;100;2.481988521
BUC0166_203;0.03;7506.36;75.52;100;2.20189597
BUC0167_203;0.03;2801.61;76.48;99.84;2.840215431
BUC0184_151;0;10201.03;39.1;100;2.84910508
BUC0184_152;0.03;7024.54;69.11;100;3.018305334
BUC0186_152;0.02;7276.22;79.12;100;2.574927177
BUC0186_153;0.05;4685.39;83.79;100;2.386933878
BUC0189_152;0.02;1842.29;99.53;100;2.220283807
BUC0196_202;0;11229.3;51.68;100;2.20461873
BUC0198_151;0.04;2334.18;99.05;100;2.650263339
BUC0198_201;0.03;2427.84;96.89;100;2.510950506
BUC0202_151;0.04;18907.82;30.92;100;2.363075135
CES0023_152;0.03;1342.6;99.09;99.99;2.240272886
CES0070_152;0.08;11249.97;63.73;100;2.409539015
CUC0001_151;0;10257.89;39.69;100;2.314401358
CUC0004_153;0.07;11887.12;46.78;100;2.604193654
CUC0006_202;0.01;8020.11;84.2;100;2.144956498
CUC0007_153;0.03;5577.26;87.3;100;2.658109953
CUC0010_203;0.03;710.49;97.68;99.96;2.162207866
CUC0014_152;0.28;11970.57;58.3;100;2.660155252
CUC0014_201;0.02;6256.86;82.82;100;2.264806511
CUC0017_202;0;4708.01;85.61;100;2.44285853
CUC0019_203;0.04;20131.5;38.15;100;2.314815261
CUC0022_151;0.06;9617.57;75.53;99.98;2.439678966
CUC0024_153;0;10353.18;64.69;100;2.37098479
CUC0024_201;0.07;2645.37;91.68;100;1.761476744
CUC0028_153;0;3529.73;65.37;100;3.539149229
CUC0032_151;0.09;4543.88;80.25;100;3.048336627
CUC0032_201;0.05;4453.96;89.11;100;2.329409869
CUC0032_202;0.02;8778.34;67.13;100;2.391419109
CUC0043_202;0.04;11084.27;56.32;100;2.24362403
CUC0045_153;0.04;2867.56;99.42;100;2.721529719
CUC0045_202;0.03;6602.2;97.25;100;2.148383085
CUC0045_203;0.02;2901.4;98.87;100;2.426525683
CUC0047_151;0.03;5009.46;88.51;100;2.417411893
CUC0050_151;0;7211.87;60.81;100;2.473708564
CUC0050_152;0.01;2157.85;97.68;100;2.517266126
CUC0050_202;0;2653.19;99.65;100;2.146584142
CUC0053_152;0.01;2819.56;90.83;100;2.754445359
CUC0055_151;0.85;5337.8;80.5;96.5;2.248730574
CUC0058_151;0.02;4460.8;94.69;100;2.256748186
CUC0058_203;0.07;2609.23;95.31;100;1.608655706
CUC0061_151;0.15;16636.55;44.62;100;2.43196396
CUC0061_201;0.01;16325.36;60.45;100;2.11611439
CUC0062_202;0;16131.2;48.96;100;2.082290953
CUC0066_151;0.03;2550.91;95.09;100;2.770006217
CUC0066_153;0.01;7716.04;61.98;100;2.457447729
CUC0073_151;0;7057.42;80.32;100;2.17916476
CUC0082_203;0.01;15611.69;47.67;100;2.198734817
CUC0083_151;0.02;12239.85;47.09;100;2.406628656
CUC0087_151;0.01;2433.53;98.64;100;2.527045119
CUC0087_152;0.02;4771.93;82.23;100;2.701348441
CUC0087_201;0.04;990.08;97.84;100;1.863788886
CUC0089_153;0;11499.46;49.48;100;2.300275421
CUN0190_153;0.06;7634.18;76.94;100;2.528637743
NST0008_151;0.1;4666.44;81.44;100;2.780393839
NST0012_151;0.08;2361.57;96.42;100;2.597543864
NST0012_153;0.01;7253.39;81.1;100;2.379532367
NST0012_201;0.1;961.23;97.34;100;2.192892164
NST0012_202;0.06;2362.36;88.58;100;2.675338001
NST0012_203;0.07;2414.11;96.97;100;1.653470085
NST0013_203;0;11217.56;56.52;100;2.429742613
NST0017_152;0.11;7812.14;73.78;100;2.651831083
NST0017_153;0.04;21893.32;39.51;100;2.476110984
NST0022_153;0.04;2009.82;97.05;100;2.597198404
NST0023_153;0.04;3208.13;95.92;100;2.582481727
NST0023_201;0.02;2206.91;99.05;100;2.483070462
NST0023_202;0.03;2523.59;99.02;100;2.554147697
NST0023_203;0.01;2452.03;97.96;100;3.094763043
NST0025_202;0.02;5166.09;94.11;100;2.275693711
NST0031_151;0.03;7021.06;85.18;100;2.258962228
NST0031_153;0.08;3459.14;97.1;100;2.288450419
NST0038_151;0.02;3188.9;87.58;100;3.100738586
NST0038_203;0.02;3390.22;89.86;100;2.309703677
NST0041_153;0.11;7134.84;84.81;100;2.764033452
NST0058_152;0.06;9222.29;75.65;100;2.319355312
NST0075_151;0.02;2885.24;98.29;100;2.44852759
SAT0004_153;0.03;7360.81;42.55;100;2.773996917
SAT0023_151;0.02;7478.71;79.14;100;2.349081424
SAT0034_202;0;1961.17;97.35;100;2.516697931
SAT0035_152;0.29;6231.17;82.87;100;2.564965558
SAT0035_203;0.02;5291.05;86.33;100;2.202548153
SAT0039_201;0.02;7870.36;73.25;100;2.217835507
SAT0042_152;0.25;3713.17;82.85;98.9;2.641428652
SAT0042_203;0.22;3761.71;87.24;98.99;2.089541157
SAT0047_151;0.09;2978.04;97.26;100;2.744782812
SAT0047_201;0.01;10509.38;72.44;100;2.186771456
SAT0049_201;0.02;20830.61;55.93;100;2.155040903
SAT0061_152;0;21601.79;16.81;100;2.080792907
SAT0062_202;0.05;9857.14;60.5;100;2.258412687
SAT0067_153;0.47;20242.8;48.11;100;2.583748705
SAT0074_152;0.07;3888.8;91.24;100;2.735684023
SAT0074_153;0.07;3653.07;95.53;100;2.765383608
SAT0118_203;0.02;2584.48;98.96;100;2.233282767
SAT0120_151;0.15;6350.76;84.58;100;2.483800111
SAT0122_152;0.02;11176.61;92.92;100;2.348977631
SAT0122_153;0.02;6796.76;69.77;100;2.612706604
SAT0122_202;0.04;5868.07;94.4;100;2.147716185
SAT0131_153;0;4286.13;93.07;100;2.405491254
SAT0141_151;0.01;1168.76;97.82;100;3.01303689
SAT0141_203;0.01;22572.15;62.69;100;2.255068258
SAT0155_152;0;23663.33;24.57;100;2.048221836
SAT0168_151;0.71;4489.32;78.01;93.86;2.612347169
SAT0178_203;0.06;5375.84;83.14;100;2.155460241
SAT0188_151;0.08;4892.36;84.93;100;2.825537199
SAT0188_152;0.06;23404.56;34.94;100;2.214588905
SAT0197_152;0.06;5160.95;82.69;100;2.850772029
SAT0202_153;0.04;2729.83;94.4;100;2.607819733
SAT0205_153;0.03;2327.15;94.44;100;2.313320761
SAT0206_153;0.06;812.71;99.14;100;2.494888612
SAT7017_183;0.14;7079.52;74.4;100;2.48907463
SAT7026_183;1.06;11355.47;25.21;100;3.079667628
SAT7041_183;0;47348.38;4.84;100;2.035730546
TSAT_MLU_560169_102;0.16;19791.77;12.64;100;2.411918268
TSAT_MLU_560457_102;0.03;7867.4;70.31;99.98;2.388846763
TTUN_MLB_510167_103;0;17503.4;59.84;100;2.609322515
TTUN_MLB_510727_102;0.01;6693.47;88.06;100;2.344819955
TTUN_MLE_520550_101;0;13080.93;33.17;100;2.51153232
TTUN_MLE_520551_103;0;9497.72;56.93;100;2.858585242
TTUN_MLE_520605_103;0.01;11841.78;44.11;100;2.516819526
TTUN_MLE_520637_101;0;9861.06;49.53;100;2.876688897
TUN0002_151;0.04;3773.32;95.81;100;2.81659109
TUN0004_151;0;8354.96;76;100;2.566466967
TUN0004_153;0.01;8732.96;90.1;100;2.604194026
TUN0011_203;0;24181.14;39.35;100;2.049335243
TUN0013_152;0;13627.64;30.78;100;2.1772225
BOY0010_152;0;14947.77;63.39;100;2.132160536
BOY0015_201;0.06;35036.43;15.42;100;2.088191732
BOY0017_203;0.01;35781.76;22.79;100;2.040022591
BOY0066_151;0;9492.67;58.34;100;2.143888262
BOY0074_152;0.01;21659.33;57.09;100;2.261238607
BUC0013_152;0;17883.08;64.82;100;2.210087922
BUC0021_201;0.01;14254.13;36.14;100;2.401273246
BUC0028_152;0.02;11640.71;43.78;100;2.780892218
BUC0040_152;0.05;6091.16;75.71;100;2.776189917
BUC0042_152;0.02;3607.46;93.91;99.99;2.719376281
BUC0047_153;0.08;5359.7;75.74;100;3.202430108
BUC0054_152;0.05;13615;46.55;99.95;2.266410353
BUC0083_152;0.03;4600.4;81.94;100;2.838477378
BUC0128_151;0.05;1941.79;96.74;100;2.739699792
BUC0136_201;0;6342.06;93.76;99.99;2.112026635
BUC0196_203;0.01;20608.41;54.83;99.87;2.255928246
BUC0203_151;0;3463.66;21.55;100;1.954999137
CES0039_151;0.37;46625.35;16.35;99.95;2.491811445
CUC0010_153;0.01;5602.95;87.64;100;2.476460761
CUC0017_153;0.05;9114.19;72.02;100;2.763261325
CUC0078_151;0;10505.13;33.28;100;1.889860361
NST0056_151;0;93402.54;4.84;100;2.09093833
NST0091_153;0;21063.88;7.59;100;2.276583424
SAT0002_152;0.03;5002.21;90.96;100;2.533635194
SAT0031_151;0;30735.12;37.6;100;2.215022157
SAT0031_201;0;32368.09;39.86;100;2.072294325
SAT0070_151;0.02;17901.69;64.52;100;2.205413978
SAT0118_153;0.03;7926.24;76.29;100;2.647264538
TBOY_MLB_510718_103;0;27775.04;18.49;100;2.319535985
TUN0007_151;0.13;2792.02;95.31;100;2.522645999
TUN0023_152;0;12987.93;39.69;100;2.066488123
